
2400.3999	20.00005	213.10001
2400.6001	20.00168	213.55
2400.79981	20.00341	213.825
2401	20.00504	213.93333
2401.20019	20.00668	214.15834
2401.3999	20.00841	214.05
2401.6001	20.01004	211.375
2401.79981	20.01178	211.49167
2402	20.01341	211.70833
2402.20019	20.01504	212.20833
2402.3999	20.01667	212.60001
2402.6001	20.0183	212.93333
2402.79981	20.02004	213.26666
2403	20.02167	213.60001
2403.20019	20.0234	213.65834
2403.3999	20.02503	214.05
2403.6001	20.02677	213.43333
2403.79981	20.0284	209.09166
2404	20.03003	209.43333
2404.20019	20.03167	209.70833
2404.3999	20.0334	210.20833
2404.6001	20.03493	210.54167
2404.79981	20.03666	210.99167
2405	20.0384	211.375
2405.20019	20.04003	211.76666
2405.3999	20.04166	212.04167
2405.6001	20.04339	212.325
2405.79981	20.04502	212.60001
2406	20.04666	212.43333
2406.20019	20.04839	210.20833
2406.3999	20.05002	210.43333
2406.6001	20.05166	211.04167
2406.79981	20.05339	211.26666
2407	20.05502	211.70833
2407.20019	20.05665	212.15834
2407.3999	20.05839	212.43333
2407.6001	20.06002	212.70833
2407.79981	20.06165	212.825
2408	20.06338	210.375
2408.20019	20.06502	210.48334
2408.3999	20.06675	210.99167
2408.6001	20.06828	211.20833
2408.79981	20.07001	211.60001
2409	20.07164	211.99167
2409.20019	20.07338	212.43333
2409.3999	20.07501	212.65834
2409.6001	20.07664	213.05
2409.79981	20.07838	213.10001
2410	20.08001	210.99167
2410.20019	20.08174	211.325
2410.3999	20.08338	211.65834
2410.6001	20.085	211.99167
2410.79981	20.08674	212.325
2411	20.08837	212.70833
2411.20019	20.09	213.10001
2411.3999	20.09174	213.43333
2411.6001	20.09337	213.65834
2411.79981	20.095	213.93333
2412	20.09674	209.09166
2412.20019	20.09837	209.375
2412.3999	20.1001	209.64999
2412.6001	20.10163	209.93333
2412.79981	20.10337	210.43333
2413	20.105	210.70833
2413.20019	20.10673	211.10001
2413.3999	20.10836	211.54167
2413.6001	20.11	211.825
2413.79981	20.11173	212.04167
2414	20.11336	212.49167
2414.20019	20.11499	212.70833
2414.3999	20.11673	212.70833
2414.6001	20.11836	209.98334
2414.79981	20.11999	210.20833
2415	20.12172	210.70833
2415.20019	20.12336	211.04167
2415.3999	20.12499	211.49167
2415.6001	20.12672	211.76666
2415.79981	20.12835	212.15834
2416	20.12998	212.43333
2416.20019	20.13172	212.54167
2416.3999	20.13335	212.76666
2416.6001	20.13508	213.10001
2416.79981	20.13661	213.38333
2417	20.13835	213.26666
2417.20019	20.13998	209.43333
2417.3999	20.14171	209.81667
2417.6001	20.14335	210.20833
2417.79981	20.14498	210.60001
2418	20.14671	210.99167
2418.20019	20.14834	211.375
2418.3999	20.14998	211.65834
2418.6001	20.15161	212.04167
2418.79981	20.15334	212.325
2419	20.15497	212.65834
2419.20019	20.1567	212.93333
2419.3999	20.15834	213.15834
2419.6001	20.15997	211.04167
2419.79981	20.16171	210.54167
2420	20.16334	210.875
2420.20019	20.16507	211.26666
2420.3999	20.1667	211.60001
2420.6001	20.16833	212.10001
2420.79981	20.16997	212.43333
2421	20.1717	212.70833
2421.20019	20.17333	212.99167
2421.3999	20.17496	213.26666
2421.6001	20.1767	210.875
2421.79981	20.17833	211.15834
2422	20.18006	211.49167
2422.20019	20.18169	211.875
2422.3999	20.18333	212.20833
2422.6001	20.18506	212.70833
2422.79981	20.18669	212.93333
2423	20.18832	213.26666
2423.20019	20.18996	212.99167
2423.3999	20.19169	211.26666
2423.6001	20.19332	211.60001
2423.79981	20.19506	211.93333
2424	20.19669	212.15834
2424.20019	20.19832	212.70833
2424.3999	20.19995	212.93333
2424.6001	20.20169	213.325
2424.79981	20.20332	213.21666
2425	20.20505	211.15834
2425.20019	20.20668	211.49167
2425.3999	20.20831	211.825
2425.6001	20.21005	212.15834
2425.79981	20.21168	212.60001
2426	20.21331	212.99167
2426.20019	20.21505	213.15834
2426.3999	20.21658	213.43333
2426.6001	20.21831	213.49167
2426.79981	20.21994	213.26666
2427	20.22168	213.21666
2427.20019	20.22331	209.875
2427.3999	20.22504	210.20833
2427.6001	20.22667	210.48334
2427.79981	20.22831	210.875
2428	20.23004	211.26666
2428.20019	20.23167	211.49167
2428.3999	20.2333	211.93333
2428.6001	20.23504	212.26666
2428.79981	20.23667	212.60001
2429	20.2383	212.88333
2429.20019	20.24003	213.21666
2429.3999	20.24167	213.325
2429.6001	20.2434	213.15834
2429.79981	20.24503	210.43333
2430	20.24666	210.76666
2430.20019	20.2484	211.04167
2430.3999	20.25003	211.49167
2430.6001	20.25166	211.825
2430.79981	20.25329	212.15834
2431	20.25503	212.43333
2431.20019	20.25666	212.825
2431.3999	20.25839	213.15834
2431.6001	20.26002	213.43333
2431.79981	20.26166	210.93333
2432	20.26329	210.93333
2432.20019	20.26502	211.375
2432.3999	20.26666	211.65834
2432.6001	20.26839	211.875
2432.79981	20.27002	212.375
2433	20.27165	212.54167
2433.20019	20.27339	212.99167
2433.3999	20.27502	213.26666
2433.6001	20.27665	213.55
2433.79981	20.27828	213.88333
2434	20.28002	213.93333
2434.20019	20.28165	214.15834
2434.3999	20.28328	210.10001
2434.6001	20.28501	210.31667
2434.79981	20.28664	210.64999
2435	20.28838	211.04167
2435.20019	20.29001	211.375
2435.3999	20.29164	211.76666
2435.6001	20.29327	212.26666
2435.79981	20.29501	212.54167
2436	20.29664	212.88333
2436.20019	20.29827	213.05
2436.3999	20.3	213.43333
2436.6001	20.30164	213.49167
2436.79981	20.30337	211.49167
2437	20.305	211.49167
2437.20019	20.30664	211.875
2437.3999	20.30827	212.26666
2437.6001	20.31	212.60001
2437.79981	20.31163	212.93333
2438	20.31337	213.21666
2438.20019	20.315	213.65834
2438.3999	20.31663	213.88333
2438.6001	20.31837	213.88333
2438.79981	20.31989	211.70833
2439	20.32163	211.93333
2439.20019	20.32336	212.325
2439.3999	20.32499	212.65834
2439.6001	20.32663	213.05
2439.79981	20.32836	213.38333
2440	20.32999	213.76666
2440.20019	20.33162	214.05
2440.3999	20.33336	214.325
2440.6001	20.33499	214.26666
2440.79981	20.33672	212.26666
2441	20.33835	212.375
2441.20019	20.33999	212.76666
2441.3999	20.34162	212.99167
2441.6001	20.34335	213.325
2441.79981	20.34498	213.88333
2442	20.34662	214.05
2442.20019	20.34835	214.38333
2442.3999	20.34998	214.65834
2442.6001	20.35161	209.60001
2442.79981	20.35335	209.875
2443	20.35498	210.04167
2443.20019	20.35661	210.54167
2443.3999	20.35835	210.875
2443.6001	20.35998	211.26666
2443.79981	20.36161	211.60001
2444	20.36334	211.93333
2444.20019	20.36497	212.325
2444.3999	20.36671	212.65834
2444.6001	20.36834	213.10001
2444.79981	20.36997	213.325
2445	20.3716	213.49167
2445.20019	20.37334	213.76666
2445.3999	20.37497	211.04167
2445.6001	20.37671	211.26666
2445.79981	20.37833	211.49167
2446	20.37997	211.99167
2446.20019	20.3817	212.26666
2446.3999	20.38333	212.70833
2446.6001	20.38497	212.93333
2446.79981	20.3867	213.325
2447	20.38833	213.71666
2447.20019	20.38996	213.93333
2447.3999	20.3917	214.21666
2447.6001	20.39333	214.43333
2447.79981	20.39496	214.60001
2448	20.39669	214.49167
2448.20019	20.39833	210.48334
2448.3999	20.39996	210.81667
2448.6001	20.40169	211.04167
2448.79981	20.40332	211.325
2449	20.40496	211.875
2449.20019	20.40669	212.26666
2449.3999	20.40832	212.60001
2449.6001	20.41006	212.99167
2449.79981	20.41158	213.325
2450	20.41332	213.65834
2450.20019	20.41495	213.825
2450.3999	20.41668	214.15834
2450.6001	20.41832	214.38333
2450.79981	20.41995	214.55
2451	20.42168	214.825
2451.20019	20.42331	214.88333
2451.3999	20.42505	211.04167
2451.6001	20.42668	211.43333
2451.79981	20.42831	211.65834
2452	20.42994	211.99167
2452.20019	20.43168	212.43333
2452.3999	20.43331	212.65834
2452.6001	20.43494	213.21666
2452.79981	20.43668	213.49167
2453	20.43831	213.825
2453.20019	20.43994	214.05
2453.3999	20.44167	214.43333
2453.6001	20.4433	214.49167
2453.79981	20.44494	214.65834
2454	20.44667	212.15834
2454.20019	20.4483	210.70833
2454.3999	20.44993	210.99167
2454.6001	20.45167	211.26666
2454.79981	20.4533	211.76666
2455	20.45493	212.10001
2455.20019	20.45667	212.43333
2455.3999	20.4583	212.825
2455.6001	20.46003	213.10001
2455.79981	20.46166	213.38333
2456	20.46329	213.71666
2456.20019	20.46503	213.88333
2456.3999	20.46666	213.05
2456.6001	20.46829	211.43333
2456.79981	20.46993	211.70833
2457	20.47166	212.04167
2457.20019	20.47329	212.54167
2457.3999	20.47492	212.825
2457.6001	20.47666	213.10001
2457.79981	20.47829	213.49167
2458	20.48002	213.88333
2458.20019	20.48165	213.93333
2458.3999	20.48339	212.04167
2458.6001	20.48502	212.15834
2458.79981	20.48665	212.60001
2459	20.48839	212.99167
2459.20019	20.48991	213.38333
2459.3999	20.49165	213.60001
2459.6001	20.49328	214.05
2459.79981	20.49491	214.43333
2460	20.49665	214.65834
2460.20019	20.49828	214.325
2460.3999	20.49991	212.04167
2460.6001	20.50164	212.325
2460.79981	20.50328	212.65834
2461	20.50501	212.99167
2461.20019	20.50664	213.38333
2461.3999	20.50827	213.65834
2461.6001	20.51001	214.10001
2461.79981	20.51164	214.38333
2462	20.51327	214.65834
2462.20019	20.515	214.825
2462.3999	20.51664	214.825
2462.6001	20.51827	214.05
2462.79981	20.52	214.05
2463	20.52163	214.325
2463.20019	20.52327	214.55
2463.3999	20.525	214.77499
2463.6001	20.52663	210.70833
2463.79981	20.52837	210.375
2464	20.53	210.70833
2464.20019	20.53163	211.20833
2464.3999	20.53326	211.60001
2464.6001	20.53499	211.825
2464.79981	20.53663	212.20833
2465	20.53826	212.60001
2465.20019	20.53999	212.825
2465.3999	20.54162	213.325
2465.6001	20.54325	213.60001
2465.79981	20.54499	213.88333
2466	20.54662	214.10001
2466.20019	20.54826	213.10001
2466.3999	20.54999	211.54167
2466.6001	20.55162	211.825
2466.79981	20.55325	212.26666
2467	20.55499	212.65834
2467.20019	20.55662	212.93333
2467.3999	20.55825	213.325
2467.6001	20.55988	213.65834
2467.79981	20.56162	214.05
2468	20.56325	214.26666
2468.20019	20.56498	214.49167
2468.3999	20.56661	214.71666
2468.6001	20.56835	212.04167
2468.79981	20.56998	211.875
2469	20.57161	212.43333
2469.20019	20.57324	212.76666
2469.3999	20.57487	213.10001
2469.6001	20.57661	213.43333
2469.79981	20.57824	213.88333
2470	20.57998	214.15834
2470.20019	20.58161	214.49167
2470.3999	20.58334	214.88333
2470.6001	20.58497	215.05
2470.79981	20.5866	215.05
2471	20.58824	213.65834
2471.20019	20.58997	213.55
2471.3999	20.5916	213.93333
2471.6001	20.59333	214.15834
2471.79981	20.59497	214.60001
2472	20.5966	214.88333
2472.20019	20.59823	215.10834
2472.3999	20.59996	215.44167
2472.6001	20.6016	215.49167
2472.79981	20.60333	213.88333
2473	20.60496	210.99167
2473.20019	20.60659	211.325
2473.3999	20.60833	211.65834
2473.6001	20.60996	212.04167
2473.79981	20.61159	212.43333
2474	20.61332	212.76666
2474.20019	20.61496	213.10001
2474.3999	20.61659	213.49167
2474.6001	20.61832	213.76666
2474.79981	20.61996	214.05
2475	20.62159	214.26666
2475.20019	20.62332	213.21666
2475.3999	20.62495	212.26666
2475.6001	20.62658	212.60001
2475.79981	20.62822	212.88333
2476	20.62995	213.15834
2476.20019	20.63158	213.60001
2476.3999	20.63332	213.88333
2476.6001	20.63495	214.325
2476.79981	20.63658	214.55
2477	20.63831	214.88333
2477.20019	20.63995	212.70833
2477.3999	20.64158	212.60001
2477.6001	20.64331	212.99167
2477.79981	20.64494	213.325
2478	20.64657	213.65834
2478.20019	20.64821	214.05
2478.3999	20.64994	214.43333
2478.6001	20.65157	214.71666
2478.79981	20.65331	214.825
2479	20.65494	215.05
2479.20019	20.65667	214.94167
2479.3999	20.65831	211.875
2479.6001	20.65994	212.20833
2479.79981	20.66167	212.54167
2480	20.6633	212.88333
2480.20019	20.66493	213.21666
2480.3999	20.66657	213.65834
2480.6001	20.6683	213.99167
2480.79981	20.66993	214.21666
2481	20.67156	214.55
2481.20019	20.6733	214.825
2481.3999	20.67493	214.94167
2481.6001	20.67666	213.325
2481.79981	20.67829	212.49167
2482	20.67993	212.76666
2482.20019	20.68156	213.10001
2482.3999	20.68329	213.43333
2482.6001	20.68493	213.825
2482.79981	20.68666	214.15834
2483	20.68829	214.43333
2483.20019	20.68992	214.825
2483.3999	20.69165	215.10834
2483.6001	20.69329	215.27499
2483.79981	20.69492	215.15834
2484	20.69665	209.04167
2484.20019	20.69828	209.43333
2484.3999	20.69992	209.76666
2484.6001	20.70155	210.31667
2484.79981	20.70328	210.60001
2485	20.70491	210.93333
2485.20019	20.70665	211.375
2485.3999	20.70828	211.825
2485.6001	20.70991	212.15834
2485.79981	20.71165	212.49167
2486	20.71328	212.76666
2486.20019	20.71491	213.15834
2486.3999	20.71664	213.49167
2486.6001	20.71827	213.55
2486.79981	20.71991	210.04167
2487	20.72164	210.375
2487.20019	20.72327	210.64999
2487.3999	20.7249	211.15834
2487.6001	20.72664	211.54167
2487.79981	20.72827	211.825
2488	20.7299	212.20833
2488.20019	20.73163	212.65834
2488.3999	20.73327	212.99167
2488.6001	20.735	213.38333
2488.79981	20.73664	213.55
2489	20.73827	213.825
2489.20019	20.7399	210.54167
2489.3999	20.74163	210.99167
2489.6001	20.74326	211.15834
2489.79981	20.7449	211.65834
2490	20.74663	212.04167
2490.20019	20.74826	212.26666
2490.3999	20.75	212.70833
2490.6001	20.75163	213.15834
2490.79981	20.75326	213.55
2491	20.75489	213.825
2491.20019	20.75662	214.05
2491.3999	20.75826	214.325
2491.6001	20.75989	214.60001
2491.79981	20.76162	214.60001
2492	20.76325	210.375
2492.20019	20.76499	210.76666
2492.3999	20.76662	210.93333
2492.6001	20.76825	211.43333
2492.79981	20.76988	211.93333
2493	20.77162	212.26666
2493.20019	20.77325	212.70833
2493.3999	20.77498	213.10001
2493.6001	20.77662	213.15834
2493.79981	20.77825	213.10001
2494	20.77988	213.15834
2494.20019	20.78161	213.49167
2494.3999	20.78324	213.825
2494.6001	20.78498	214.10001
2494.79981	20.78661	214.38333
2495	20.78824	212.43333
2495.20019	20.78998	210.14999
2495.3999	20.79161	210.60001
2495.6001	20.79324	210.93333
2495.79981	20.79497	211.325
2496	20.7966	211.60001
2496.20019	20.79824	212.04167
2496.3999	20.79997	212.43333
2496.6001	20.8016	212.76666
2496.79981	20.80323	213.21666
2497	20.80487	213.43333
2497.20019	20.8066	213.76666
2497.3999	20.80823	214.15834
2497.6001	20.80996	214.15834
2497.79981	20.8116	214.10001
2498	20.81323	211.04167
2498.20019	20.81496	211.43333
2498.3999	20.8166	211.70833
2498.6001	20.81823	212.04167
2498.79981	20.81996	212.375
2499	20.82159	212.76666
2499.20019	20.82333	213.21666
2499.3999	20.82496	213.49167
2499.6001	20.82659	213.93333
2499.79981	20.82822	214.21666
2500	20.82996	214.26666
2500.20019	20.83159	214.26666
2500.3999	20.83322	211.04167
2500.6001	20.83495	211.43333
2500.79981	20.83659	211.65834
2501	20.83832	212.04167
2501.20019	20.83995	212.49167
2501.3999	20.84158	212.76666
2501.6001	20.84321	213.21666
2501.79981	20.84495	213.43333
2502	20.84658	213.76666
2502.20019	20.84821	213.99167
2502.3999	20.84995	211.76666
2502.6001	20.85158	212.15834
2502.79981	20.85331	212.54167
2503	20.85495	212.88333
2503.20019	20.85658	213.26666
2503.3999	20.85821	213.55
2503.6001	20.85994	213.88333
2503.79981	20.86157	214.38333
2504	20.86331	213.49167
2504.20019	20.86494	212.20833
2504.3999	20.86657	212.49167
2504.6001	20.8683	212.76666
2504.79981	20.86994	213.21666
2505	20.87157	213.55
2505.20019	20.8733	213.88333
2505.3999	20.87494	214.21666
2505.6001	20.87657	214.49167
2505.79981	20.8783	212.15834
2506	20.87993	211.65834
2506.20019	20.88156	211.825
2506.3999	20.8833	212.26666
2506.6001	20.88493	212.60001
2506.79981	20.88656	212.93333
2507	20.88829	213.38333
2507.20019	20.88993	213.65834
2507.3999	20.89156	213.93333
2507.6001	20.89329	214.15834
2507.79981	20.89492	214.21666
2508	20.89656	214.55
2508.20019	20.89829	214.55
2508.3999	20.89992	214.71666
2508.6001	20.90156	214.77499
2508.79981	20.90319	214.94167
2509	20.90492	210.99167
2509.20019	20.90655	211.26666
2509.3999	20.90818	211.70833
2509.6001	20.90992	211.99167
2509.79981	20.91155	212.375
2510	20.91328	212.70833
2510.20019	20.91492	213.10001
2510.3999	20.91655	213.43333
2510.6001	20.91828	213.71666
2510.79981	20.91991	214.05
2511	20.92154	214.325
2511.20019	20.92328	214.43333
2511.3999	20.92491	214.65834
2511.6001	20.92654	214.94167
2511.79981	20.92828	215.15834
2512	20.92991	215.10834
2512.20019	20.93164	212.65834
2512.3999	20.93327	212.88333
2512.6001	20.93491	213.26666
2512.79981	20.93664	213.49167
2513	20.93827	213.93333
2513.20019	20.9399	214.10001
2513.3999	20.94154	214.43333
2513.6001	20.94327	214.825
2513.79981	20.9449	214.99167
2514	20.94664	215.15834
2514.20019	20.94827	215.21666
2514.3999	20.9499	215.10834
2514.6001	20.95153	213.26666
2514.79981	20.95326	211.15834
2515	20.9549	211.54167
2515.20019	20.95663	211.875
2515.3999	20.95826	212.325
2515.6001	20.9599	212.65834
2515.79981	20.96163	212.99167
2516	20.96326	213.43333
2516.20019	20.96489	213.65834
2516.3999	20.96663	213.88333
2516.6001	20.96826	214.26666
2516.79981	20.96989	212.04167
2517	20.97152	211.875
2517.20019	20.97326	212.15834
2517.3999	20.97499	212.49167
2517.6001	20.97652	212.99167
2517.79981	20.97825	213.26666
2518	20.97988	213.65834
2518.20019	20.98162	213.93333
2518.3999	20.98325	214.325
2518.6001	20.98488	214.60001
2518.79981	20.98662	211.76666
2519	20.98815	211.93333
2519.20019	20.98988	212.325
2519.3999	20.99161	212.65834
2519.6001	20.99325	213.10001
2519.79981	20.99498	213.55
2520	20.99661	213.93333
2520.20019	20.99824	214.325
2520.3999	20.99987	214.65834
2520.6001	21.00161	214.77499
2520.79981	21.00324	214.94167
2521	21.00487	214.99167
2521.20019	21.00661	212.325
2521.3999	21.00824	211.99167
2521.6001	21.00987	212.26666
2521.79981	21.01161	212.60001
2522	21.01324	213.10001
2522.20019	21.01487	213.38333
2522.3999	21.0166	213.825
2522.6001	21.01823	214.15834
2522.79981	21.01987	214.38333
2523	21.0216	211.49167
2523.20019	21.02323	211.825
2523.3999	21.02486	212.15834
2523.6001	21.0266	212.60001
2523.79981	21.02823	212.825
2524	21.02986	213.325
2524.20019	21.03159	213.60001
2524.3999	21.03323	214.05
2524.6001	21.03496	214.21666
2524.79981	21.03659	214.21666
2525	21.03823	212.10001
2525.20019	21.03986	212.375
2525.3999	21.04159	212.76666
2525.6001	21.04322	213.10001
2525.79981	21.04485	213.55
2526	21.04659	213.88333
2526.20019	21.04822	214.15834
2526.3999	21.04995	214.49167
2526.6001	21.05159	214.60001
2526.79981	21.05322	213.55
2527	21.05485	212.60001
2527.20019	21.05658	212.88333
2527.3999	21.05822	213.21666
2527.6001	21.05995	213.65834
2527.79981	21.06158	213.93333
2528	21.06321	214.26666
2528.20019	21.06495	214.65834
2528.3999	21.06658	214.825
2528.6001	21.06821	214.88333
2528.79981	21.06994	215.05
2529	21.07158	215.10834
2529.20019	21.07321	214.55
2529.3999	21.07494	211.93333
2529.6001	21.07657	212.20833
2529.79981	21.07821	212.60001
2530	21.07984	212.99167
2530.20019	21.08157	213.325
2530.3999	21.0832	213.825
2530.6001	21.08494	214.15834
2530.79981	21.08657	214.49167
2531	21.0882	214.65834
2531.20019	21.08994	214.825
2531.3999	21.09157	214.825
2531.6001	21.0932	212.10001
2531.79981	21.09493	212.325
2532	21.09656	212.70833
2532.20019	21.0982	213.05
2532.3999	21.09993	213.38333
2532.6001	21.10156	213.76666
2532.79981	21.10319	214.05
2533	21.10493	214.325
2533.20019	21.10656	214.71666
2533.3999	21.10829	214.94167
2533.6001	21.10992	214.94167
2533.79981	21.11156	212.99167
2534	21.11319	213.15834
2534.20019	21.11492	213.325
2534.3999	21.11655	213.76666
2534.6001	21.11819	214.15834
2534.79981	21.11992	214.65834
2535	21.12155	214.71666
2535.20019	21.12319	215.15834
2535.3999	21.12482	215.38333
2535.6001	21.12655	215.10834
2535.79981	21.12818	213.05
2536	21.12981	213.38333
2536.20019	21.13155	213.65834
2536.3999	21.13328	213.99167
2536.6001	21.13491	214.38333
2536.79981	21.13655	214.71666
2537	21.13828	215.05
2537.20019	21.13991	215.21666
2537.3999	21.14154	214.94167
2537.6001	21.14317	212.43333
2537.79981	21.14491	212.70833
2538	21.14654	213.10001
2538.20019	21.14827	213.49167
2538.3999	21.14991	213.825
2538.6001	21.15154	214.15834
2538.79981	21.15317	214.55
2539	21.1549	214.77499
2539.20019	21.15654	214.88333
2539.3999	21.15817	212.60001
2539.6001	21.1599	212.76666
2539.79981	21.16153	213.10001
2540	21.16327	213.43333
2540.20019	21.1649	213.76666
2540.3999	21.16653	214.15834
2540.6001	21.16816	214.60001
2540.79981	21.1699	214.825
2541	21.17153	214.94167
2541.20019	21.17326	213.26666
2541.3999	21.17489	212.54167
2541.6001	21.17653	212.825
2541.79981	21.17826	213.26666
2542	21.17989	213.65834
2542.20019	21.18152	214.15834
2542.3999	21.18326	214.325
2542.6001	21.18489	214.71666
2542.79981	21.18652	214.99167
2543	21.18815	215.10834
2543.20019	21.18989	214.05
2543.3999	21.19152	212.825
2543.6001	21.19325	213.15834
2543.79981	21.19488	213.43333
2544	21.19651	213.88333
2544.20019	21.19825	214.15834
2544.3999	21.19988	214.60001
2544.6001	21.20152	214.94167
2544.79981	21.20325	215.21666
2545	21.20488	215.44167
2545.20019	21.20651	215.65834
2545.3999	21.20825	215.71666
2545.6001	21.20988	212.49167
2545.79981	21.21151	211.825
2546	21.21324	212.15834
2546.20019	21.21488	212.54167
2546.3999	21.21651	212.93333
2546.6001	21.21824	213.21666
2546.79981	21.21987	213.71666
2547	21.2215	214.10001
2547.20019	21.22324	214.26666
2547.3999	21.22487	214.60001
2547.6001	21.2265	214.65834
2547.79981	21.22824	212.325
2548	21.22987	212.70833
2548.20019	21.2315	212.99167
2548.3999	21.23323	213.26666
2548.6001	21.23486	213.825
2548.79981	21.2366	214.10001
2549	21.23823	214.55
2549.20019	21.23986	214.77499
2549.3999	21.2415	214.88333
2549.6001	21.24323	212.49167
2549.79981	21.24486	212.65834
2550	21.24649	213.10001
2550.20019	21.24823	213.65834
2550.3999	21.24986	213.93333
2550.6001	21.25149	214.26666
2550.79981	21.25322	214.49167
2551	21.25486	214.825
2551.20019	21.25659	212.60001
2551.3999	21.25812	212.70833
2551.6001	21.25985	213.05
2551.79981	21.26149	213.325
2552	21.26322	213.825
2552.20019	21.26485	214.15834
2552.3999	21.26658	214.43333
2552.6001	21.26822	214.71666
2552.79981	21.26985	212.60001
2553	21.27158	212.825
2553.20019	21.27321	213.05
2553.3999	21.27484	213.49167
2553.6001	21.27658	213.93333
2553.79981	21.27821	214.26666
2554	21.27984	214.55
2554.20019	21.28158	214.94167
2554.3999	21.28321	212.26666
2554.6001	21.28484	212.43333
2554.79981	21.28657	212.76666
2555	21.28821	213.05
2555.20019	21.28984	213.43333
2555.3999	21.29147	213.76666
2555.6001	21.2932	214.10001
2555.79981	21.29484	214.43333
2556	21.29657	214.88333
2556.20019	21.2982	212.99167
2556.3999	21.29983	213.15834
2556.6001	21.30157	213.325
2556.79981	21.3032	213.825
2557	21.30483	214.21666
2557.20019	21.30656	214.55
2557.3999	21.3082	215.05
2557.6001	21.30983	215.15834
2557.79981	21.31157	215.325
2558	21.3132	214.49167
2558.20019	21.31483	214.38333
2558.3999	21.31656	214.65834
2558.6001	21.31819	214.99167
2558.79981	21.31993	215.27499
2559	21.32156	215.325
2559.20019	21.32319	214.99167
2559.3999	21.32482	214.60001
2559.6001	21.32656	214.88333
2559.79981	21.32819	215.15834
2560	21.32992	215.49167
2560.20019	21.33155	215.55
2560.3999	21.33319	215.55
2560.6001	21.33492	215.44167
2560.79981	21.33655	215.44167
2561	21.33818	215.65834
2561.20019	21.33992	215.65834
2561.3999	21.34155	215.77499
2561.6001	21.34318	215.94167
2561.79981	21.34481	215.825
2562	21.34655	215.77499
2562.20019	21.34818	215.77499
2562.3999	21.34991	215.77499
2562.6001	21.35154	211.20833
2562.79981	21.35318	211.43333
2563	21.35491	211.76666
2563.20019	21.35654	212.04167
2563.3999	21.35817	212.43333
2563.6001	21.35991	212.93333
2563.79981	21.36154	213.05
2564	21.36317	213.43333
2564.20019	21.3648	213.825
2564.3999	21.36653	213.26666
2564.6001	21.36817	212.65834
2564.79981	21.3699	212.60001
2565	21.37153	212.93333
2565.20019	21.37317	213.21666
2565.3999	21.3749	213.43333
2565.6001	21.37653	213.60001
2565.79981	21.37816	213.93333
2566	21.3799	214.26666
2566.20019	21.38153	214.43333
2566.3999	21.38316	214.65834
2566.6001	21.3849	213.60001
2566.79981	21.38653	213.38333
2567	21.38816	213.55
2567.20019	21.38989	213.93333
2567.3999	21.39153	214.10001
2567.6001	21.39316	214.55
2567.79981	21.39489	214.71666
2568	21.39652	214.99167
2568.20019	21.39815	215.21666
2568.3999	21.39989	215.55
2568.6001	21.40152	215.60834
2568.79981	21.40315	215.825
2569	21.40489	215.88333
2569.20019	21.40652	215.99167
2569.3999	21.40815	216.10834
2569.6001	21.40988	216.05
2569.79981	21.41152	211.93333
2570	21.41315	212.10001
2570.20019	21.41488	212.60001
2570.3999	21.41652	212.99167
2570.6001	21.41825	213.21666
2570.79981	21.41988	213.55
2571	21.42151	214.10001
2571.20019	21.42314	214.38333
2571.3999	21.42488	214.65834
2571.6001	21.42651	214.94167
2571.79981	21.42824	214.94167
2572	21.42987	213.21666
2572.20019	21.43151	212.20833
2572.3999	21.43324	212.49167
2572.6001	21.43487	212.93333
2572.79981	21.4365	213.26666
2573	21.43824	213.60001
2573.20019	21.43987	213.88333
2573.3999	21.4415	214.26666
2573.6001	21.44324	214.71666
2573.79981	21.44487	214.77499
2574	21.4465	214.325
2574.20019	21.44823	212.88333
2574.3999	21.44986	213.26666
2574.6001	21.4515	213.71666
2574.79981	21.45323	213.99167
2575	21.45486	214.38333
2575.20019	21.45649	214.65834
2575.3999	21.45823	214.94167
2575.6001	21.45986	215.15834
2575.79981	21.46149	212.04167
2576	21.46322	212.26666
2576.20019	21.46486	212.65834
2576.3999	21.46649	212.99167
2576.6001	21.46812	213.49167
2576.79981	21.46985	213.88333
2577	21.47149	214.15834
2577.20019	21.47312	214.49167
2577.3999	21.47485	214.825
2577.6001	21.47649	215.15834
2577.79981	21.47822	215.49167
2578	21.47985	215.60834
2578.20019	21.48148	215.65834
2578.3999	21.48311	215.71666
2578.6001	21.48485	215.65834
2578.79981	21.48648	214.94167
2579	21.48821	214.99167
2579.20019	21.48985	215.21666
2579.3999	21.49148	215.60834
2579.6001	21.49321	215.825
2579.79981	21.49484	216.05
2580	21.49648	216.27499
2580.20019	21.49821	216.15834
2580.3999	21.49984	216.10834
2580.6001	21.50147	215.94167
2580.79981	21.50321	212.15834
2581	21.50484	212.49167
2581.20019	21.50647	212.76666
2581.3999	21.50821	213.15834
2581.6001	21.50984	213.49167
2581.79981	21.51147	213.825
2582	21.5132	214.10001
2582.20019	21.51483	214.55
2582.3999	21.51647	214.825
2582.6001	21.5182	215.15834
2582.79981	21.51983	215.44167
2583	21.52156	215.65834
2583.20019	21.5232	215.88333
2583.3999	21.52483	216.15834
2583.6001	21.52646	216.325
2583.79981	21.5281	216.38333
2584	21.52983	216.38333
2584.20019	21.53146	216.325
2584.3999	21.53319	216.38333
2584.6001	21.53482	216.5
2584.79981	21.53656	216.60834
2585	21.53819	216.66667
2585.20019	21.53982	216.55
2585.3999	21.54155	216.60834
2585.6001	21.54309	212.65834
2585.79981	21.54492	212.20833
2586	21.54645	212.60001
2586.20019	21.54819	213.05
2586.3999	21.54982	213.26666
2586.6001	21.55155	213.65834
2586.79981	21.55318	214.05
2587	21.55482	214.43333
2587.20019	21.55655	214.71666
2587.3999	21.55818	214.88333
2587.6001	21.55981	214.99167
2587.79981	21.56155	212.65834
2588	21.56318	212.93333
2588.20019	21.56481	213.21666
2588.3999	21.56644	213.55
2588.6001	21.56818	213.93333
2588.79981	21.56981	214.21666
2589	21.57144	214.55
2589.20019	21.57317	214.99167
2589.3999	21.57491	215.05
2589.6001	21.57654	212.825
2589.79981	21.57817	212.99167
2590	21.5798	213.38333
2590.20019	21.58154	213.71666
2590.3999	21.58317	214.05
2590.6001	21.5848	214.55
2590.79981	21.58654	214.77499
2591	21.58817	215.10834
2591.20019	21.5898	215.27499
2591.3999	21.59153	212.99167
2591.6001	21.59316	213.10001
2591.79981	21.5948	213.325
2592	21.59653	213.76666
2592.20019	21.59816	213.93333
2592.3999	21.5999	214.38333
2592.6001	21.60153	214.65834
2592.79981	21.60316	215.10834
2593	21.60479	215.325
2593.20019	21.60653	215.55
2593.3999	21.60816	215.65834
2593.6001	21.60979	213.55
2593.79981	21.61152	213.60001
2594	21.61315	213.99167
2594.20019	21.61479	214.49167
2594.3999	21.61652	214.77499
2594.6001	21.61815	215.05
2594.79981	21.61979	215.38333
2595	21.62152	215.71666
2595.20019	21.62315	215.77499
2595.3999	21.62488	212.93333
2595.6001	21.62651	211.76666
2595.79981	21.62815	212.10001
2596	21.62978	212.43333
2596.20019	21.63151	212.825
2596.3999	21.63314	213.26666
2596.6001	21.63488	213.55
2596.79981	21.63651	213.99167
2597	21.63814	214.26666
2597.20019	21.63977	214.55
2597.3999	21.64151	214.77499
2597.6001	21.64314	213.93333
2597.79981	21.64487	212.43333
2598	21.64651	212.825
2598.20019	21.64814	213.15834
2598.3999	21.64987	213.60001
2598.6001	21.65151	214.10001
2598.79981	21.65313	214.325
2599	21.65487	214.55
2599.20019	21.6565	214.88333
2599.3999	21.65813	215.10834
2599.6001	21.65977	212.60001
2599.79981	21.6615	212.76666
2600	21.66313	212.93333
2600.20019	21.66476	213.325
2600.3999	21.6665	213.60001
2600.6001	21.66813	213.99167
2600.79981	21.66986	214.325
2601	21.67149	214.71666
2601.20019	21.67313	215.05
2601.3999	21.67476	215.38333
2601.6001	21.67649	215.60834
2601.79981	21.67812	215.27499
2602	21.67986	213.05
2602.20019	21.68149	213.325
2602.3999	21.68322	213.65834
2602.6001	21.68485	213.99167
2602.79981	21.68649	214.38333
2603	21.68812	214.71666
2603.20019	21.68985	214.94167
2603.3999	21.69148	215.44167
2603.6001	21.69322	215.60834
2603.79981	21.69485	215.77499
2604	21.69648	215.825
2604.20019	21.69812	215.49167
2604.3999	21.69985	212.325
2604.6001	21.70148	212.60001
2604.79981	21.70321	212.93333
2605	21.70484	213.38333
2605.20019	21.70648	213.825
2605.3999	21.70811	214.05
2605.6001	21.70984	214.43333
2605.79981	21.71148	214.77499
2606	21.71311	215.05
2606.20019	21.71484	215.325
2606.3999	21.71647	215.65834
2606.6001	21.71811	215.65834
2606.79981	21.71984	215.71666
2607	21.72147	213.10001
2607.20019	21.7231	213.21666
2607.3999	21.72484	213.49167
2607.6001	21.72637	213.88333
2607.79981	21.7281	214.21666
2608	21.72983	214.60001
2608.20019	21.73157	214.99167
2608.3999	21.7332	215.21666
2608.6001	21.73483	215.55
2608.79981	21.73656	215.65834
2609	21.73809	215.825
2609.20019	21.73983	215.65834
2609.3999	21.74146	213.65834
2609.6001	21.7432	213.93333
2609.79981	21.74482	214.15834
2610	21.74646	214.43333
2610.20019	21.74819	214.77499
2610.3999	21.74982	215.10834
2610.6001	21.75146	215.49167
2610.79981	21.75319	215.71666
2611	21.75482	215.88333
2611.20019	21.75645	213.38333
2611.3999	21.75808	213.43333
2611.6001	21.75982	213.825
2611.79981	21.76145	214.10001
2612	21.76318	214.43333
2612.20019	21.76482	214.825
2612.3999	21.76645	215.27499
2612.6001	21.76818	215.38333
2612.79981	21.76982	215.825
2613	21.77144	215.99167
2613.20019	21.77318	211.825
2613.3999	21.77481	211.49167
2613.6001	21.77644	211.875
2613.79981	21.77808	212.15834
2614	21.77981	212.43333
2614.20019	21.78144	212.76666
2614.3999	21.78307	213.21666
2614.6001	21.78481	213.76666
2614.79981	21.78644	213.93333
2615	21.78817	214.26666
2615.20019	21.7898	214.55
2615.3999	21.79154	214.77499
2615.6001	21.79317	213.825
2615.79981	21.7948	212.10001
2616	21.79643	212.43333
2616.20019	21.79817	212.88333
2616.3999	21.7998	213.21666
2616.6001	21.80143	213.60001
2616.79981	21.80317	213.88333
2617	21.8048	214.325
2617.20019	21.80643	214.55
2617.3999	21.80816	214.94167
2617.6001	21.8098	215.15834
2617.79981	21.81143	215.325
2618	21.81316	212.93333
2618.20019	21.81479	213.05
2618.3999	21.81642	213.55
2618.6001	21.81816	213.71666
2618.79981	21.81979	214.05
2619	21.82142	214.49167
2619.20019	21.82315	214.71666
2619.3999	21.82479	215.27499
2619.6001	21.82652	215.38333
2619.79981	21.82815	215.71666
2620	21.82979	215.825
2620.20019	21.83152	213.38333
2620.3999	21.83315	213.49167
2620.6001	21.83478	213.93333
2620.79981	21.83652	214.10001
2621	21.83815	214.43333
2621.20019	21.83978	214.88333
2621.3999	21.84152	215.21666
2621.6001	21.84315	215.55
2621.79981	21.84478	215.88333
2622	21.84641	215.94167
2622.20019	21.84814	216.15834
2622.3999	21.84978	214.60001
2622.6001	21.85151	213.65834
2622.79981	21.85314	213.93333
2623	21.85477	214.26666
2623.20019	21.8564	214.60001
2623.3999	21.85814	215.05
2623.6001	21.85987	215.38333
2623.79981	21.86151	215.77499
2624	21.86314	215.88333
2624.20019	21.86477	211.20833
2624.3999	21.8665	211.43333
2624.6001	21.86803	211.76666
2624.79981	21.86977	212.15834
2625	21.8715	212.54167
2625.20019	21.87314	212.93333
2625.3999	21.87476	213.21666
2625.6001	21.8765	213.60001
2625.79981	21.87813	213.93333
2626	21.87976	214.325
2626.20019	21.8815	214.43333
2626.3999	21.88313	214.77499
2626.6001	21.88476	214.88333
2626.79981	21.88639	212.60001
2627	21.88813	213.05
2627.20019	21.88976	213.325
2627.3999	21.89149	213.65834
2627.6001	21.89323	214.05
2627.79981	21.89476	214.26666
2628	21.89649	214.60001
2628.20019	21.89812	214.99167
2628.3999	21.89975	215.05
2628.6001	21.90149	212.88333
2628.79981	21.90312	213.15834
2629	21.90485	213.60001
2629.20019	21.90648	213.93333
2629.3999	21.90811	214.26666
2629.6001	21.90975	214.60001
2629.79981	21.91148	214.94167
2630	21.91311	215.21666
2630.20019	21.91485	215.44167
2630.3999	21.91648	215.44167
2630.6001	21.91811	215.49167
2630.79981	21.91974	215.65834
2631	21.92148	215.94167
2631.20019	21.92311	216.21666
2631.3999	21.92484	215.825
2631.6001	21.92647	211.99167
2631.79981	21.9281	212.325
2632	21.92974	212.54167
2632.20019	21.93147	213.05
2632.3999	21.9331	213.38333
2632.6001	21.93484	213.71666
2632.79981	21.93647	214.05
2633	21.9381	214.49167
2633.20019	21.93984	214.71666
2633.3999	21.94147	214.99167
2633.6001	21.9431	215.21666
2633.79981	21.94483	215.44167
2634	21.94646	215.60834
2634.20019	21.9481	215.05
2634.3999	21.94983	212.43333
2634.6001	21.95146	212.93333
2634.79981	21.95309	213.21666
2635	21.95483	213.55
2635.20019	21.95646	213.825
2635.3999	21.95809	214.26666
2635.6001	21.95983	214.60001
2635.79981	21.96146	214.94167
2636	21.96309	215.10834
2636.20019	21.96483	215.49167
2636.3999	21.96646	214.55
2636.6001	21.96809	213.88333
2636.79981	21.96972	214.15834
2637	21.97145	214.55
2637.20019	21.97309	214.88333
2637.3999	21.97482	215.27499
2637.6001	21.97645	215.65834
2637.79981	21.97808	215.94167
2638	21.97982	215.99167
2638.20019	21.98135	216.325
2638.3999	21.98308	216.21666
2638.6001	21.98481	213.55
2638.79981	21.98645	213.88333
2639	21.98808	214.21666
2639.20019	21.98981	214.49167
2639.3999	21.99144	214.94167
2639.6001	21.99307	215.21666
2639.79981	21.99481	215.55
2640	21.99644	215.825
2640.20019	21.99817	216.15834
2640.3999	21.99981	216.5
2640.6001	22.00144	216.60834
2640.79981	22.00307	212.825
2641	22.00481	212.70833
2641.20019	22.00644	212.99167
2641.3999	22.00817	213.21666
2641.6001	22.0098	213.60001
2641.79981	22.01143	213.88333
2642	22.01307	214.26666
2642.20019	22.0147	214.77499
2642.3999	22.01643	214.94167
2642.6001	22.01817	215.38333
2642.79981	22.0198	215.60834
2643	22.02143	215.71666
2643.20019	22.02306	215.88333
2643.3999	22.02479	212.99167
2643.6001	22.02643	213.26666
2643.79981	22.02816	213.65834
2644	22.02979	213.99167
2644.20019	22.03153	214.26666
2644.3999	22.03316	214.65834
2644.6001	22.03479	215.05
2644.79981	22.03642	215.38333
2645	22.03816	215.71666
2645.20019	22.03979	215.88333
2645.3999	22.04142	215.65834
2645.6001	22.04316	213.49167
2645.79981	22.04479	213.88333
2646	22.04642	214.21666
2646.20019	22.04805	214.55
2646.3999	22.04978	214.825
2646.6001	22.05142	215.27499
2646.79981	22.05315	215.60834
2647	22.05478	215.99167
2647.20019	22.05641	216.10834
2647.3999	22.05815	216.38333
2647.6001	22.05978	214.21666
2647.79981	22.06141	214.10001
2648	22.06314	214.26666
2648.20019	22.06478	214.60001
2648.3999	22.06641	214.88333
2648.6001	22.06814	215.325
2648.79981	22.06978	215.60834
2649	22.0714	216.05
2649.20019	22.07314	216.325
2649.3999	22.07477	216.55
2649.6001	22.0764	216.66667
2649.79981	22.07814	215.44167
2650	22.07977	214.94167
2650.20019	22.0814	215.325
2650.3999	22.08313	215.55
2650.6001	22.08477	215.99167
2650.79981	22.0864	216.27499
2651	22.08813	216.66667
2651.20019	22.08976	216.83333
2651.3999	22.0915	211.60001
2651.6001	22.09313	211.93333
2651.79981	22.09476	212.20833
2652	22.0965	212.65834
2652.20019	22.09813	212.93333
2652.3999	22.09986	213.38333
2652.6001	22.10149	213.76666
2652.79981	22.10312	214.10001
2653	22.10476	214.38333
2653.20019	22.10649	214.825
2653.3999	22.10812	214.99167
2653.6001	22.10975	214.43333
2653.79981	22.11149	212.93333
2654	22.11312	213.15834
2654.20019	22.11475	213.65834
2654.3999	22.11639	214.05
2654.6001	22.11812	214.38333
2654.79981	22.11975	214.65834
2655	22.12149	214.99167
2655.20019	22.12312	215.38333
2655.3999	22.12474	215.71666
2655.6001	22.12648	214.71666
2655.79981	22.12811	213.60001
2656	22.12975	213.71666
2656.20019	22.13138	214.15834
2656.3999	22.13311	214.49167
2656.6001	22.13474	214.99167
2656.79981	22.13637	215.325
2657	22.13811	215.55
2657.20019	22.13974	215.77499
2657.3999	22.14137	215.94167
2657.6001	22.14311	215.88333
2657.79981	22.14474	212.825
2658	22.14647	213.05
2658.20019	22.1481	213.38333
2658.3999	22.14973	213.71666
2658.6001	22.15147	214.05
2658.79981	22.1531	214.49167
2659	22.15473	214.88333
2659.20019	22.15636	215.15834
2659.3999	22.1581	215.38333
2659.6001	22.15973	215.60834
2659.79981	22.16136	215.325
2660	22.16309	212.88333
2660.20019	22.16473	213.21666
2660.3999	22.16646	213.55
2660.6001	22.16809	213.825
2660.79981	22.16973	214.26666
2661	22.17136	214.60001
2661.20019	22.17309	214.94167
2661.3999	22.17472	215.38333
2661.6001	22.17646	215.55
2661.79981	22.17809	215.825
2662	22.17972	214.71666
2662.20019	22.18145	213.76666
2662.3999	22.18309	214.05
2662.6001	22.18472	214.43333
2662.79981	22.18645	214.71666
2663	22.18808	215.05
2663.20019	22.18972	215.38333
2663.3999	22.19145	215.77499
2663.6001	22.19308	216.05
2663.79981	22.19471	216.27499
2664	22.19645	214.15834
2664.20019	22.19808	214.15834
2664.3999	22.19981	214.43333
2664.6001	22.20145	214.71666
2664.79981	22.20307	215.21666
2665	22.20481	215.60834
2665.20019	22.20644	215.825
2665.3999	22.20808	216.05
2665.6001	22.20981	216.44167
2665.79981	22.21144	216.44167
2666	22.21307	212.375
2666.20019	22.21481	212.54167
2666.3999	22.21644	213.05
2666.6001	22.21807	213.325
2666.79981	22.2198	213.71666
2667	22.22144	214.10001
2667.20019	22.22307	214.43333
2667.3999	22.2248	214.88333
2667.6001	22.22643	215.21666
2667.79981	22.22806	215.38333
2668	22.2298	215.55
2668.20019	22.23143	215.77499
2668.3999	22.23306	214.21666
2668.6001	22.2348	212.99167
2668.79981	22.23643	213.26666
2669	22.23806	213.55
2669.20019	22.2398	213.99167
2669.3999	22.24143	214.38333
2669.6001	22.24306	214.77499
2669.79981	22.24479	215.10834
2670	22.24642	215.38333
2670.20019	22.24806	215.65834
2670.3999	22.24979	215.825
2670.6001	22.25142	215.55
2670.79981	22.25305	212.70833
2671	22.25479	212.93333
2671.20019	22.25642	213.325
2671.3999	22.25805	213.60001
2671.6001	22.25968	214.10001
2671.79981	22.26142	214.325
2672	22.26305	214.77499
2672.20019	22.26478	215.10834
2672.3999	22.26641	215.38333
2672.6001	22.26805	215.55
2672.79981	22.26978	215.71666
2673	22.27141	215.825
2673.20019	22.27305	214.65834
2673.3999	22.27478	213.60001
2673.6001	22.27641	213.93333
2673.79981	22.27804	214.26666
2674	22.27977	214.55
2674.20019	22.28141	214.99167
2674.3999	22.28314	215.325
2674.6001	22.28477	215.77499
2674.79981	22.28641	216.15834
2675	22.28804	216.21666
2675.20019	22.28977	216.21666
2675.3999	22.2914	216.15834
2675.6001	22.29303	213.49167
2675.79981	22.29477	213.71666
2676	22.2964	213.93333
2676.20019	22.29813	214.38333
2676.3999	22.29977	214.71666
2676.6001	22.3014	214.99167
2676.79981	22.30303	215.38333
2677	22.30476	215.77499
2677.20019	22.30639	216.05
2677.3999	22.30813	216.38333
2677.6001	22.30976	215.88333
2677.79981	22.31139	213.38333
2678	22.31313	213.55
2678.20019	22.31476	213.93333
2678.3999	22.31639	214.49167
2678.6001	22.31802	214.71666
2678.79981	22.31976	215.10834
2679	22.32149	215.325
2679.20019	22.32312	215.65834
2679.3999	22.32475	215.94167
2679.6001	22.32638	215.99167
2679.79981	22.32802	213.825
2680	22.32975	213.93333
2680.20019	22.33138	214.38333
2680.3999	22.33312	214.825
2680.6001	22.33475	215.05
2680.79981	22.33638	215.38333
2681	22.33811	215.77499
2681.20019	22.33975	215.99167
2681.3999	22.34138	216.325
2681.6001	22.34311	214.55
2681.79981	22.34475	213.93333
2682	22.34637	214.21666
2682.20019	22.34811	214.49167
2682.3999	22.34974	214.99167
2682.6001	22.35137	215.325
2682.79981	22.35311	215.60834
2683	22.35474	215.88333
2683.20019	22.35637	216.15834
2683.3999	22.3581	216.5
2683.6001	22.35974	216.5
2683.79981	22.36137	213.88333
2684	22.3631	213.99167
2684.20019	22.36474	214.38333
2684.3999	22.36647	214.60001
2684.6001	22.3681	215.10834
2684.79981	22.36973	215.49167
2685	22.37137	215.71666
2685.20019	22.3731	216.15834
2685.3999	22.37473	216.325
2685.6001	22.37636	216.60834
2685.79981	22.37809	216.05
2686	22.37973	212.20833
2686.20019	22.38146	212.49167
2686.3999	22.38309	212.825
2686.6001	22.38472	213.10001
2686.79981	22.38646	213.55
2687	22.38809	213.99167
2687.20019	22.38972	214.38333
2687.3999	22.39146	214.71666
2687.6001	22.39309	214.99167
2687.79981	22.39472	215.15834
2688	22.39635	215.44167
2688.20019	22.39809	215.65834
2688.3999	22.39972	215.88333
2688.6001	22.40135	213.55
2688.79981	22.40308	213.38333
2689	22.40472	213.76666
2689.20019	22.40635	214.10001
2689.3999	22.40808	214.55
2689.6001	22.40971	214.88333
2689.79981	22.41145	215.27499
2690	22.41308	215.55
2690.20019	22.41471	215.88333
2690.3999	22.41634	216.05
2690.6001	22.41808	216.10834
2690.79981	22.41971	216.21666
2691	22.42144	216.44167
2691.20019	22.42308	216.55
2691.3999	22.42471	212.54167
2691.6001	22.42644	212.76666
2691.79981	22.42807	213.21666
2692	22.42981	213.49167
2692.20019	22.43144	214.05
2692.3999	22.43307	214.21666
2692.6001	22.4347	214.60001
2692.79981	22.43644	214.99167
2693	22.43807	215.21666
2693.20019	22.4397	215.71666
2693.3999	22.44143	215.88333
2693.6001	22.44306	216.10834
2693.79981	22.4447	216.05
2694	22.44643	213.825
2694.20019	22.44806	214.10001
2694.3999	22.44969	214.49167
2694.6001	22.45143	214.71666
2694.79981	22.45306	215.10834
2695	22.45469	215.44167
2695.20019	22.45642	215.88333
2695.3999	22.45806	216.27499
2695.6001	22.45969	216.325
2695.79981	22.46142	213.43333
2696	22.46306	213.71666
2696.20019	22.46479	213.99167
2696.3999	22.46642	214.49167
2696.6001	22.46805	214.77499
2696.79981	22.46978	215.15834
2697	22.47142	215.49167
2697.20019	22.47305	215.825
2697.3999	22.47468	216.27499
2697.6001	22.47642	216.5
2697.79981	22.47805	216.55
2698	22.47978	214.21666
2698.20019	22.48141	214.26666
2698.3999	22.48305	214.77499
2698.6001	22.48478	215.10834
2698.79981	22.48641	215.55
2699	22.48804	215.825
2699.20019	22.48978	216.21666
2699.3999	22.49141	216.44167
2699.6001	22.49304	216.66667
2699.79981	22.49477	217
2700	22.49641	217.10834
2700.20019	22.49804	213.71666
2700.3999	22.49977	213.65834
2700.6001	22.5013	213.99167
2700.79981	22.50304	214.43333
2701	22.50467	214.77499
2701.20019	22.5064	215.21666
2701.3999	22.50803	215.44167
2701.6001	22.50966	215.88333
2701.79981	22.5114	216.15834
2702	22.51303	216.44167
2702.20019	22.51466	216.55
2702.3999	22.5164	216.77499
2702.6001	22.51803	215.60834
2702.79981	22.51966	214.38333
2703	22.52139	214.60001
2703.20019	22.52303	214.825
2703.3999	22.52466	215.21666
2703.6001	22.52639	215.60834
2703.79981	22.52813	215.88333
2704	22.52976	216.21666
2704.20019	22.53139	216.60834
2704.3999	22.53302	216.60834
2704.6001	22.53476	214.43333
2704.79981	22.53639	214.49167
2705	22.53802	214.825
2705.20019	22.53965	215.21666
2705.3999	22.54139	215.71666
2705.6001	22.54302	216.05
2705.79981	22.54475	216.325
2706	22.54638	216.66667
2706.20019	22.54802	216.66667
2706.3999	22.54975	216.66667
2706.6001	22.55138	215.38333
2706.79981	22.55301	215.05
2707	22.55475	215.38333
2707.20019	22.55638	215.71666
2707.3999	22.55801	216.05
2707.6001	22.55974	216.27499
2707.79981	22.56137	216.71666
2708	22.56301	216.94167
2708.20019	22.56474	217.10834
2708.3999	22.56637	216.71666
2708.6001	22.568	215.88333
2708.79981	22.56974	216.15834
2709	22.57137	216.38333
2709.20019	22.5731	216.71666
2709.3999	22.57474	216.83333
2709.6001	22.57637	216.325
2709.79981	22.578	213.05
2710	22.57973	213.325
2710.20019	22.58136	213.65834
2710.3999	22.583	214.10001
2710.6001	22.58473	214.55
2710.79981	22.58636	214.77499
2711	22.5881	215.15834
2711.20019	22.58973	215.44167
2711.3999	22.59136	215.88333
2711.6001	22.59299	216.05
2711.79981	22.59473	214.325
2712	22.59636	213.71666
2712.20019	22.59809	214.15834
2712.3999	22.59972	214.325
2712.6001	22.60136	214.825
2712.79981	22.60299	215.27499
2713	22.60472	215.55
2713.20019	22.60635	215.77499
2713.3999	22.60798	216.21666
2713.6001	22.60972	216.55
2713.79981	22.61135	216.44167
2714	22.61309	214.49167
2714.20019	22.61472	214.38333
2714.3999	22.61635	214.825
2714.6001	22.61808	215.10834
2714.79981	22.61971	215.44167
2715	22.62135	215.825
2715.20019	22.62308	216.15834
2715.3999	22.62471	216.5
2715.6001	22.62635	216.71666
2715.79981	22.62808	216.38333
2716	22.62971	214.10001
2716.20019	22.63134	214.26666
2716.3999	22.63308	214.65834
2716.6001	22.63471	214.94167
2716.79981	22.63634	215.38333
2717	22.63807	215.77499
2717.20019	22.63971	216.10834
2717.3999	22.64144	216.38333
2717.6001	22.64307	216.83333
2717.79981	22.6447	213.76666
2718	22.64634	213.71666
2718.20019	22.64797	214.21666
2718.3999	22.6497	214.49167
2718.6001	22.65133	214.94167
2718.79981	22.65307	215.27499
2719	22.6547	215.60834
2719.20019	22.65633	215.94167
2719.3999	22.65806	216.27499
2719.6001	22.65969	216.55
2719.79981	22.66143	216.66667
2720	22.66306	214.05
2720.20019	22.66469	214.21666
2720.3999	22.66633	214.71666
2720.6001	22.66806	214.88333
2720.79981	22.66969	215.325
2721	22.67132	215.60834
2721.20019	22.67306	215.99167
2721.3999	22.67469	216.21666
2721.6001	22.67642	216.5
2721.79981	22.67805	216.66667
2722	22.67969	216.77499
2722.20019	22.68132	214.94167
2722.3999	22.68305	214.26666
2722.6001	22.68479	214.65834
2722.79981	22.68642	215.10834
2723	22.68805	215.325
2723.20019	22.68968	215.60834
2723.3999	22.69131	216.05
2723.6001	22.69305	216.27499
2723.79981	22.69468	216.71666
2724	22.69631	216.94167
2724.20019	22.69805	217.10834
2724.3999	22.69967	212.15834
2724.6001	22.70141	212.26666
2724.79981	22.70304	212.60001
2725	22.70468	213.10001
2725.20019	22.70641	213.55
2725.3999	22.70804	213.88333
2725.6001	22.70967	214.21666
2725.79981	22.7113	214.325
2726	22.71304	214.88333
2726.20019	22.71467	215.15834
2726.3999	22.7164	215.44167
2726.6001	22.71804	215.71666
2726.79981	22.71967	216.10834
2727	22.7214	213.05
2727.20019	22.72303	213.10001
2727.3999	22.72467	213.38333
2727.6001	22.7264	213.825
2727.79981	22.72803	214.15834
2728	22.72966	214.60001
2728.20019	22.7314	214.825
2728.3999	22.73303	215.27499
2728.6001	22.73476	215.55
2728.79981	22.73639	215.94167
2729	22.73803	216.10834
2729.20019	22.73966	216.55
2729.3999	22.74139	216.60834
2729.6001	22.74302	216.83333
2729.79981	22.74476	215.60834
2730	22.74639	213.43333
2730.20019	22.74802	213.88333
2730.3999	22.74965	214.21666
2730.6001	22.75138	214.49167
2730.79981	22.75302	214.94167
2731	22.75475	215.27499
2731.20019	22.75638	215.55
2731.3999	22.75802	215.94167
2731.6001	22.75975	216.27499
2731.79981	22.76138	216.44167
2732	22.76301	213.825
2732.20019	22.76465	214.05
2732.3999	22.76638	214.60001
2732.6001	22.76801	214.77499
2732.79981	22.76964	215.27499
2733	22.77138	215.55
2733.20019	22.77301	215.94167
2733.3999	22.77474	216.21666
2733.6001	22.77638	216.5
2733.79981	22.77801	214.38333
2734	22.77974	214.325
2734.20019	22.78137	214.55
2734.3999	22.783	214.825
2734.6001	22.78464	215.27499
2734.79981	22.78637	215.60834
2735	22.788	215.88333
2735.20019	22.78963	216.10834
2735.3999	22.79137	216.44167
2735.6001	22.793	213.825
2735.79981	22.79473	214.05
2736	22.79637	214.43333
2736.20019	22.798	214.825
2736.3999	22.79973	215.15834
2736.6001	22.80137	215.60834
2736.79981	22.80299	215.99167
2737	22.80473	216.21666
2737.20019	22.80636	216.38333
2737.3999	22.80799	213.88333
2737.6001	22.80963	214.325
2737.79981	22.81136	214.60001
2738	22.81299	214.99167
2738.20019	22.81472	215.325
2738.3999	22.81636	215.65834
2738.6001	22.81799	215.99167
2738.79981	22.81972	216.21666
2739	22.82135	216.44167
2739.20019	22.82299	213.99167
2739.3999	22.82462	214.38333
2739.6001	22.82635	214.71666
2739.79981	22.82798	214.99167
2740	22.82972	215.49167
2740.20019	22.83135	215.88333
2740.3999	22.83308	216.10834
2740.6001	22.83471	216.44167
2740.79981	22.83635	216.60834
2741	22.83808	216.66667
2741.20019	22.83971	216.5
2741.3999	22.84134	216.325
2741.6001	22.84308	216.44167
2741.79981	22.84471	216.66667
2742	22.84634	216.83333
2742.20019	22.84797	216.05
2742.3999	22.84971	216.21666
2742.6001	22.85134	216.5
2742.79981	22.85297	216.60834
2743	22.8547	216.83333
2743.20019	22.85634	216.77499
2743.3999	22.85797	216.71666
2743.6001	22.8597	216.77499
2743.79981	22.86134	217
2744	22.86296	217.05
2744.20019	22.8647	214.65834
2744.3999	22.86633	213.21666
2744.6001	22.86807	213.49167
2744.79981	22.8697	213.76666
2745	22.87133	214.21666
2745.20019	22.87306	214.77499
2745.3999	22.8747	214.94167
2745.6001	22.87633	215.21666
2745.79981	22.87796	215.65834
2746	22.87969	216.05
2746.20019	22.88133	216.27499
2746.3999	22.88296	216.05
2746.6001	22.88469	213.26666
2746.79981	22.88632	213.49167
2747	22.88796	213.88333
2747.20019	22.88969	214.10001
2747.3999	22.89132	214.65834
2747.6001	22.89306	214.99167
2747.79981	22.89469	215.325
2748	22.89632	215.71666
2748.20019	22.89795	215.99167
2748.3999	22.89968	216.27499
2748.6001	22.90132	216.55
2748.79981	22.90305	213.76666
2749	22.90468	213.10001
2749.20019	22.90631	213.38333
2749.3999	22.90805	213.825
2749.6001	22.90968	214.15834
2749.79981	22.91131	214.49167
2750	22.91304	214.94167
2750.20019	22.91468	215.15834
2750.3999	22.91631	215.49167
2750.6001	22.91804	215.94167
2750.79981	22.91967	216.21666
2751	22.92131	215.71666
2751.20019	22.92304	213.65834
2751.3999	22.92467	214.05
2751.6001	22.9263	214.26666
2751.79981	22.92804	214.71666
2752	22.92967	215.05
2752.20019	22.9313	215.38333
2752.3999	22.93304	215.825
2752.6001	22.93467	216.05
2752.79981	22.9363	216.38333
2753	22.93803	216.55
2753.20019	22.93966	213.43333
2753.3999	22.9413	213.76666
2753.6001	22.94303	214.05
2753.79981	22.94466	214.49167
2754	22.94629	214.77499
2754.20019	22.94803	215.21666
2754.3999	22.94966	215.44167
2754.6001	22.95129	215.825
2754.79981	22.95302	216.05
2755	22.95466	216.05
2755.20019	22.95629	213.825
2755.3999	22.95802	214.15834
2755.6001	22.95965	214.49167
2755.79981	22.96129	214.77499
2756	22.96302	215.21666
2756.20019	22.96465	215.65834
2756.3999	22.96638	215.94167
2756.6001	22.96792	216.325
2756.79981	22.96965	216.27499
2757	22.97128	213.65834
2757.20019	22.97302	213.93333
2757.3999	22.97465	214.38333
2757.6001	22.97628	214.65834
2757.79981	22.97801	215.10834
2758	22.97965	215.38333
2758.20019	22.98138	215.77499
2758.3999	22.98301	216.15834
2758.6001	22.98464	216.38333
2758.79981	22.98627	216.66667
2759	22.98801	216.66667
2759.20019	22.98964	216.60834
2759.3999	22.99138	216.83333
2759.6001	22.99301	217.05
2759.79981	22.99464	217.16667
2760	22.99637	217.27499
2760.20019	22.998	217.05
2760.3999	22.99964	217.10834
2760.6001	23.00137	217.21666
2760.79981	23.003	213.15834
2761	23.00463	212.49167
2761.20019	23.00637	212.825
2761.3999	23.008	213.26666
2761.6001	23.00963	213.60001
2761.79981	23.01126	213.99167
2762	23.013	214.325
2762.20019	23.01463	214.65834
2762.3999	23.01636	214.99167
2762.6001	23.01799	215.38333
2762.79981	23.01963	215.71666
2763	23.02136	215.99167
2763.20019	23.02299	216.325
2763.3999	23.02462	216.55
2763.6001	23.02636	216.88333
2763.79981	23.02799	217.05
2764	23.02962	216.94167
2764.20019	23.03135	213.10001
2764.3999	23.03299	213.325
2764.6001	23.03462	213.65834
2764.79981	23.03635	214.05
2765	23.03798	214.49167
2765.20019	23.03962	214.77499
2765.3999	23.04135	215.10834
2765.6001	23.04298	215.60834
2765.79981	23.04462	215.99167
2766	23.04635	216.15834
2766.20019	23.04798	216.38333
2766.3999	23.04971	216.77499
2766.6001	23.05135	217.05
2766.79981	23.05298	213.49167
2767	23.05471	213.71666
2767.20019	23.05634	213.93333
2767.3999	23.05798	214.38333
2767.6001	23.05961	214.77499
2767.79981	23.06134	215.15834
2768	23.06297	215.55
2768.20019	23.0646	215.825
2768.3999	23.06634	216.15834
2768.6001	23.06797	216.60834
2768.79981	23.0697	216.66667
2769	23.07144	217
2769.20019	23.07297	217
2769.3999	23.0747	213.60001
2769.6001	23.07633	213.93333
2769.79981	23.07807	214.49167
2770	23.0797	214.77499
2770.20019	23.08133	215.27499
2770.3999	23.08296	215.60834
2770.6001	23.0847	215.94167
2770.79981	23.08633	216.27499
2771	23.08796	216.60834
2771.20019	23.08969	217
2771.3999	23.09133	217.21666
2771.6001	23.09296	217.55
2771.79981	23.09469	217.5
2772	23.09632	213.38333
2772.20019	23.09796	213.55
2772.3999	23.09969	214.10001
2772.6001	23.10132	214.38333
2772.79981	23.10296	214.71666
2773	23.10469	215.05
2773.20019	23.10632	215.27499
2773.3999	23.10795	215.825
2773.6001	23.10968	216.15834
2773.79981	23.11132	216.325
2774	23.11295	216.44167
2774.20019	23.11468	214.21666
2774.3999	23.11631	214.60001
2774.6001	23.11795	215.05
2774.79981	23.11968	215.44167
2775	23.12131	215.71666
2775.20019	23.12294	216.10834
2775.3999	23.12468	216.27499
2775.6001	23.12631	216.60834
2775.79981	23.12804	215.88333
2776	23.12967	214.38333
2776.20019	23.13131	214.60001
2776.3999	23.13304	215.05
2776.6001	23.13467	215.44167
2776.79981	23.13631	215.825
2777	23.13794	216.10834
2777.20019	23.13957	216.5
2777.3999	23.14141	216.71666
2777.6001	23.14293	214.77499
2777.79981	23.14457	214.94167
2778	23.1463	215.21666
2778.20019	23.14793	215.55
2778.3999	23.14967	215.825
2778.6001	23.1513	216.15834
2778.79981	23.15293	216.55
2779	23.15467	216.83333
2779.20019	23.15629	216.88333
2779.3999	23.15803	214.325
2779.6001	23.15966	214.65834
2779.79981	23.16129	215.05
2780	23.16303	215.44167
2780.20019	23.16466	215.94167
2780.3999	23.16629	216.21666
2780.6001	23.16792	216.5
2780.79981	23.16966	216.83333
2781	23.17129	216.94167
2781.20019	23.17302	214.10001
2781.3999	23.17465	214.38333
2781.6001	23.17629	214.55
2781.79981	23.17802	214.94167
2782	23.17965	215.44167
2782.20019	23.18128	215.77499
2782.3999	23.18302	216.15834
2782.6001	23.18465	216.38333
2782.79981	23.18628	216.66667
2783	23.18802	216.77499
2783.20019	23.18965	214.43333
2783.3999	23.19128	214.43333
2783.6001	23.19291	214.825
2783.79981	23.19465	215.10834
2784	23.19628	215.60834
2784.20019	23.19801	215.88333
2784.3999	23.19964	216.27499
2784.6001	23.20127	216.55
2784.79981	23.20301	216.88333
2785	23.20464	214.825
2785.20019	23.20627	214.88333
2785.3999	23.2079	215.15834
2785.6001	23.20964	215.49167
2785.79981	23.21127	215.88333
2786	23.213	216.27499
2786.20019	23.21464	216.5
2786.3999	23.21627	216.77499
2786.6001	23.218	215.15834
2786.79981	23.21963	212.26666
2787	23.22126	212.54167
2787.20019	23.2229	212.99167
2787.3999	23.22463	213.26666
2787.6001	23.22636	213.71666
2787.79981	23.228	213.99167
2788	23.22963	214.26666
2788.20019	23.23126	214.77499
2788.3999	23.23299	215.05
2788.6001	23.23463	215.49167
2788.79981	23.23636	215.71666
2789	23.23799	215.88333
2789.20019	23.23962	215.825
2789.3999	23.24125	213.26666
2789.6001	23.24299	213.65834
2789.79981	23.24462	213.99167
2790	23.24625	214.38333
2790.20019	23.24799	214.71666
2790.3999	23.24962	215.05
2790.6001	23.25125	215.49167
2790.79981	23.25298	215.77499
2791	23.25462	216.10834
2791.20019	23.25635	216.27499
2791.3999	23.25798	213.825
2791.6001	23.25961	214.15834
2791.79981	23.26124	214.49167
2792	23.26298	214.88333
2792.20019	23.26471	215.27499
2792.3999	23.26625	215.55
2792.6001	23.26798	215.825
2792.79981	23.26961	216.27499
2793	23.27124	216.44167
2793.20019	23.27298	216.5
2793.3999	23.27461	214.05
2793.6001	23.27634	214.21666
2793.79981	23.27797	214.60001
2794	23.27961	215.10834
2794.20019	23.28124	215.325
2794.3999	23.28297	215.71666
2794.6001	23.2846	216.10834
2794.79981	23.28634	216.38333
2795	23.28797	216.60834
2795.20019	23.2896	213.60001
2795.3999	23.29133	213.93333
2795.6001	23.29296	214.21666
2795.79981	23.2946	214.60001
2796	23.29633	215.05
2796.20019	23.29796	215.38333
2796.3999	23.2996	215.77499
2796.6001	23.30133	216.15834
2796.79981	23.30296	216.325
2797	23.30459	214.325
2797.20019	23.30633	214.26666
2797.3999	23.30796	214.65834
2797.6001	23.30969	215.05
2797.79981	23.31132	215.38333
2798	23.31295	215.825
2798.20019	23.31459	216.27499
2798.3999	23.31632	216.5
2798.6001	23.31795	216.77499
2798.79981	23.31969	217.05
2799	23.32132	214.21666
2799.20019	23.32295	214.15834
2799.3999	23.32458	214.49167
2799.6001	23.32632	214.825
2799.79981	23.32795	215.27499
2800	23.32958	215.60834
2800.20019	23.33131	215.99167
2800.3999	23.33295	216.38333
2800.6001	23.33468	216.55
2800.79981	23.33631	216.88333
2801	23.33794	217.21666
2801.20019	23.33957	214.15834
2801.3999	23.34131	214.43333
2801.6001	23.34294	214.825
2801.79981	23.34457	215.21666
2802	23.34631	215.55
2802.20019	23.34794	215.88333
2802.3999	23.34957	216.15834
2802.6001	23.35131	216.71666
2802.79981	23.35294	216.83333
2803	23.35457	217.16667
2803.20019	23.3563	217.38333
2803.3999	23.35794	217.44167
2803.6001	23.35967	217
2803.79981	23.3613	213.60001
2804	23.36293	213.88333
2804.20019	23.36467	214.26666
2804.3999	23.3663	214.65834
2804.6001	23.36793	214.88333
2804.79981	23.36956	215.325
2805	23.3713	215.65834
2805.20019	23.37293	216.05
2805.3999	23.37456	216.27499
2805.6001	23.37629	216.60834
2805.79981	23.37792	216.88333
2806	23.37966	217
2806.20019	23.38129	217.21666
2806.3999	23.38292	214.15834
2806.6001	23.38466	214.21666
2806.79981	23.38629	214.55
2807	23.38792	214.99167
2807.20019	23.38965	215.15834
2807.3999	23.39129	215.55
2807.6001	23.39292	216.05
2807.79981	23.39465	216.38333
2808	23.39628	216.71666
2808.20019	23.39792	216.94167
2808.3999	23.39965	217.21666
2808.6001	23.40128	217.38333
2808.79981	23.40291	216.5
2809	23.40465	214.94167
2809.20019	23.40628	215.325
2809.3999	23.40791	215.60834
2809.6001	23.40964	215.825
2809.79981	23.41128	216.325
2810	23.41301	216.77499
2810.20019	23.41464	216.94167
2810.3999	23.41627	217
2810.6001	23.4179	214.825
2810.79981	23.41964	214.21666
2811	23.42127	214.49167
2811.20019	23.4229	214.94167
2811.3999	23.42464	215.05
2811.6001	23.42627	215.60834
2811.79981	23.4279	215.94167
2812	23.42963	216.325
2812.20019	23.43127	216.66667
2812.3999	23.433	216.88333
2812.6001	23.43463	216.94167
2812.79981	23.43627	213.21666
2813	23.4379	213.55
2813.20019	23.43963	213.93333
2813.3999	23.44126	214.26666
2813.6001	23.443	214.77499
2813.79981	23.44463	215.15834
2814	23.44626	215.44167
2814.20019	23.44789	215.88333
2814.3999	23.44962	216.21666
2814.6001	23.45126	216.38333
2814.79981	23.45299	216.71666
2815	23.45462	214.21666
2815.20019	23.45625	213.99167
2815.3999	23.45789	214.38333
2815.6001	23.45962	214.71666
2815.79981	23.46125	215.05
2816	23.46289	215.55
2816.20019	23.46462	215.88333
2816.3999	23.46625	216.27499
2816.6001	23.46798	216.60834
2816.79981	23.46962	216.83333
2817	23.47125	215.99167
2817.20019	23.47288	214.60001
2817.3999	23.47461	214.94167
2817.6001	23.47625	215.325
2817.79981	23.47798	215.71666
2818	23.47961	215.99167
2818.20019	23.48124	216.38333
2818.3999	23.48298	216.66667
2818.6001	23.48461	217
2818.79981	23.48624	216.5
2819	23.48797	214.71666
2819.20019	23.48961	215.27499
2819.3999	23.49124	215.60834
2819.6001	23.49297	215.88333
2819.79981	23.4946	216.38333
2820	23.49623	216.55
2820.20019	23.49797	216.88333
2820.3999	23.4996	217.27499
2820.6001	23.50123	217.21666
2820.79981	23.50297	216.94167
2821	23.5046	214.77499
2821.20019	23.50623	213.55
2821.3999	23.50796	213.76666
2821.6001	23.50959	214.21666
2821.79981	23.51123	214.55
2822	23.51296	214.88333
2822.20019	23.51459	215.38333
2822.3999	23.51633	215.77499
2822.6001	23.51796	215.99167
2822.79981	23.51959	216.21666
2823	23.52122	216.55
2823.20019	23.52296	216.66667
2823.3999	23.52459	213.76666
2823.6001	23.52622	213.71666
2823.79981	23.52795	214.21666
2824	23.52959	214.60001
2824.20019	23.53132	214.825
2824.3999	23.53295	215.21666
2824.6001	23.53458	215.60834
2824.79981	23.53622	215.94167
2825	23.53795	216.27499
2825.20019	23.53958	216.5
2825.3999	23.54132	216.71666
2825.6001	23.54295	216.88333
2825.79981	23.54458	214.21666
2826	23.54631	214.55
2826.20019	23.54794	214.94167
2826.3999	23.54958	215.27499
2826.6001	23.55121	215.49167
2826.79981	23.55294	215.94167
2827	23.55458	216.44167
2827.20019	23.55621	216.77499
2827.3999	23.55794	216.83333
2827.6001	23.55957	214.10001
2827.79981	23.56131	214.43333
2828	23.56294	214.825
2828.20019	23.56457	215.05
2828.3999	23.5662	215.44167
2828.6001	23.56794	215.77499
2828.79981	23.56957	216.10834
2829	23.5712	216.55
2829.20019	23.57293	216.77499
2829.3999	23.57457	216.10834
2829.6001	23.5762	214.60001
2829.79981	23.57793	214.825
2830	23.57956	215.15834
2830.20019	23.5813	215.60834
2830.3999	23.58293	215.88333
2830.6001	23.58456	216.15834
2830.79981	23.58629	216.55
2831	23.58792	216.88333
2831.20019	23.58956	217
2831.3999	23.59129	214.71666
2831.6001	23.59292	215.10834
2831.79981	23.59456	215.44167
2832	23.59629	215.825
2832.20019	23.59792	216.10834
2832.3999	23.59955	216.44167
2832.6001	23.60129	216.77499
2832.79981	23.60292	217.05
2833	23.60455	217.16667
2833.20019	23.60628	214.60001
2833.3999	23.60792	214.99167
2833.6001	23.60955	215.21666
2833.79981	23.61128	215.60834
2834	23.61291	216.05
2834.20019	23.61455	216.38333
2834.3999	23.61628	216.71666
2834.6001	23.61791	217.05
2834.79981	23.61954	217.21666
2835	23.62128	215.71666
2835.20019	23.62291	215.05
2835.3999	23.62454	215.38333
2835.6001	23.62628	215.65834
2835.79981	23.6279	216.05
2836	23.62954	216.44167
2836.20019	23.63127	216.83333
2836.3999	23.63291	217.05
2836.6001	23.63464	217.27499
2836.79981	23.63627	217.38333
2837	23.6379	215.05
2837.20019	23.63953	215.38333
2837.3999	23.64127	215.71666
2837.6001	23.6429	215.99167
2837.79981	23.64453	216.38333
2838	23.64627	216.83333
2838.20019	23.6479	217
2838.3999	23.64953	217.33333
2838.6001	23.65126	217.33333
2838.79981	23.6529	214.71666
2839	23.65453	214.99167
2839.20019	23.65626	215.44167
2839.3999	23.65789	215.77499
2839.6001	23.65952	216.21666
2839.79981	23.66126	216.44167
2840	23.66289	216.83333
2840.20019	23.66462	216.94167
2840.3999	23.66626	217.44167
2840.6001	23.66799	216.55
2840.79981	23.66952	214.88333
2841	23.67125	215.21666
2841.20019	23.67289	215.49167
2841.3999	23.67462	215.825
2841.6001	23.67625	216.27499
2841.79981	23.67788	216.71666
2842	23.67961	217.05
2842.20019	23.68125	217.27499
2842.3999	23.68288	214.94167
2842.6001	23.68461	214.94167
2842.79981	23.68625	215.38333
2843	23.68788	215.60834
2843.20019	23.68951	215.99167
2843.3999	23.69124	216.38333
2843.6001	23.69298	216.83333
2843.79981	23.69461	217
2844	23.69624	213.93333
2844.20019	23.69798	214.10001
2844.3999	23.69961	214.49167
2844.6001	23.70124	214.825
2844.79981	23.70287	215.15834
2845	23.70461	215.55
2845.20019	23.70624	216.05
2845.3999	23.70787	216.325
2845.6001	23.7096	216.60834
2845.79981	23.71123	216.71666
2846	23.71287	214.325
2846.20019	23.7146	214.55
2846.3999	23.71623	214.88333
2846.6001	23.71786	215.21666
2846.79981	23.7196	215.60834
2847	23.72123	216.10834
2847.20019	23.72286	216.44167
2847.3999	23.7246	216.60834
2847.6001	23.72623	216.94167
2847.79981	23.72796	215.49167
2848	23.7296	214.60001
2848.20019	23.73122	214.88333
2848.3999	23.73286	215.21666
2848.6001	23.73459	215.71666
2848.79981	23.73622	215.99167
2849	23.73796	216.325
2849.20019	23.73959	216.60834
2849.3999	23.74122	216.88333
2849.6001	23.74295	217
2849.79981	23.74459	216.60834
2850	23.74622	214.05
2850.20019	23.74795	214.15834
2850.3999	23.74958	214.43333
2850.6001	23.75122	214.825
2850.79981	23.75295	215.38333
2851	23.75458	215.71666
2851.20019	23.75621	216.05
2851.3999	23.75785	216.27499
2851.6001	23.75958	216.55
2851.79981	23.76121	216.88333
2852	23.76294	216.77499
2852.20019	23.76458	215.10834
2852.3999	23.76621	215.27499
2852.6001	23.76784	215.49167
2852.79981	23.76957	215.88333
2853	23.77121	216.325
2853.20019	23.77284	216.55
2853.3999	23.77457	216.94167
2853.6001	23.7762	217.21666
2853.79981	23.77794	217.27499
2854	23.77957	217
2854.20019	23.78131	213.15834
2854.3999	23.78293	213.71666
2854.6001	23.78457	213.99167
2854.79981	23.7862	214.325
2855	23.78793	214.71666
2855.20019	23.78957	215.10834
2855.3999	23.79119	215.38333
2855.6001	23.79293	215.77499
2855.79981	23.79456	215.99167
2856	23.79619	216.38333
2856.20019	23.79793	216.5
2856.3999	23.79956	216.55
2856.6001	23.80119	213.65834
2856.79981	23.80293	213.99167
2857	23.80456	214.325
2857.20019	23.80619	214.65834
2857.3999	23.80782	215.05
2857.6001	23.80956	215.49167
2857.79981	23.81129	215.71666
2858	23.81292	216.05
2858.20019	23.81455	216.325
2858.3999	23.81619	216.77499
2858.6001	23.81792	216.94167
2858.79981	23.81955	216.94167
2859	23.82118	214.10001
2859.20019	23.82281	214.43333
2859.3999	23.82455	214.77499
2859.6001	23.82618	215.05
2859.79981	23.82791	215.44167
2860	23.82955	215.825
2860.20019	23.83118	216.27499
2860.3999	23.83291	216.44167
2860.6001	23.83454	216.66667
2860.79981	23.83617	216.94167
2861	23.83791	216.15834
2861.20019	23.83954	214.88333
2861.3999	23.84118	215.21666
2861.6001	23.84291	215.55
2861.79981	23.84454	215.99167
2862	23.84627	216.38333
2862.20019	23.8479	216.60834
2862.3999	23.84953	216.94167
2862.6001	23.85127	217.16667
2862.79981	23.8529	217.27499
2863	23.85453	216.88333
2863.20019	23.85617	215.10834
2863.3999	23.8579	215.44167
2863.6001	23.85953	215.65834
2863.79981	23.86127	216.10834
2864	23.8629	216.55
2864.20019	23.86453	217
2864.3999	23.86626	217.21666
2864.6001	23.8679	217.44167
2864.79981	23.86963	215.44167
2865	23.87116	214.99167
2865.20019	23.87289	215.27499
2865.3999	23.87452	215.65834
2865.6001	23.87626	215.94167
2865.79981	23.87789	216.325
2866	23.87952	216.77499
2866.20019	23.88126	217.05
2866.3999	23.88289	217.16667
2866.6001	23.88452	214.43333
2866.79981	23.88625	214.60001
2867	23.88788	214.94167
2867.20019	23.88952	215.27499
2867.3999	23.89115	215.65834
2867.6001	23.89288	215.88333
2867.79981	23.89462	216.325
2868	23.89625	216.60834
2868.20019	23.89788	216.94167
2868.3999	23.89962	217.05
2868.6001	23.90124	217
2868.79981	23.90288	213.10001
2869	23.90451	213.26666
2869.20019	23.90624	213.60001
2869.3999	23.90788	213.93333
2869.6001	23.90951	214.38333
2869.79981	23.91124	214.60001
2870	23.91287	215.10834
2870.20019	23.9145	215.325
2870.3999	23.91624	215.60834
2870.6001	23.91787	215.825
2870.79981	23.9195	216.15834
2871	23.92124	213.93333
2871.20019	23.92287	213.60001
2871.3999	23.9245	213.93333
2871.6001	23.92623	214.26666
2871.79981	23.92787	214.60001
2872	23.9296	214.88333
2872.20019	23.93123	215.27499
2872.3999	23.93287	215.60834
2872.6001	23.9346	216.05
2872.79981	23.93623	216.15834
2873	23.93786	216.325
2873.20019	23.93949	213.825
2873.3999	23.94123	214.05
2873.6001	23.94286	214.325
2873.79981	23.94449	214.71666
2874	23.94622	215.27499
2874.20019	23.94786	215.38333
2874.3999	23.94949	215.94167
2874.6001	23.95122	216.21666
2874.79981	23.95295	216.44167
2875	23.95459	216.55
2875.20019	23.95622	216.325
2875.3999	23.95785	213.26666
2875.6001	23.95948	213.55
2875.79981	23.96122	214.05
2876	23.96285	214.325
2876.20019	23.96458	214.71666
2876.3999	23.96621	214.99167
2876.6001	23.96785	215.55
2876.79981	23.96958	215.65834
2877	23.97121	216.05
2877.20019	23.97285	216.21666
2877.3999	23.97458	216.325
2877.6001	23.97621	213.93333
2877.79981	23.97784	214.10001
2878	23.97958	214.43333
2878.20019	23.98121	214.825
2878.3999	23.98284	215.10834
2878.6001	23.98457	215.49167
2878.79981	23.98621	215.88333
2879	23.98784	216.05
2879.20019	23.98957	216.325
2879.3999	23.9912	215.99167
2879.6001	23.99283	214.49167
2879.79981	23.99457	214.825
2880	23.9962	214.99167
2880.20019	23.99783	215.49167
2880.3999	23.99957	215.71666
2880.6001	24.0012	216.05
2880.79981	24.00293	216.5
2881	24.00456	216.60834
2881.20019	24.0062	216.94167
2881.3999	24.00793	217
2881.6001	24.00956	214.55
2881.79981	24.01119	214.21666
2882	24.01293	214.71666
2882.20019	24.01456	214.94167
2882.3999	24.01619	215.325
2882.6001	24.01793	215.49167
2882.79981	24.01956	216.15834
2883	24.02119	216.27499
2883.20019	24.02282	216.66667
2883.3999	24.02455	216.88333
2883.6001	24.02619	217.10834
2883.79981	24.02792	217.16667
2884	24.02955	214.26666
2884.20019	24.03119	214.10001
2884.3999	24.03292	214.325
2884.6001	24.03455	214.71666
2884.79981	24.03618	215.05
2885	24.03791	215.38333
2885.20019	24.03955	215.77499
2885.3999	24.04118	216.10834
2885.6001	24.04291	216.5
2885.79981	24.04454	216.77499
2886	24.04618	216.83333
2886.20019	24.04791	215.49167
2886.3999	24.04954	214.65834
2886.6001	24.05117	214.88333
2886.79981	24.05281	215.27499
2887	24.05444	215.65834
2887.20019	24.05617	215.94167
2887.3999	24.05791	216.325
2887.6001	24.05954	216.60834
2887.79981	24.06117	216.94167
2888	24.0629	217.10834
2888.20019	24.06453	216.88333
2888.3999	24.06617	216.88333
2888.6001	24.0679	216.94167
2888.79981	24.06953	213.71666
2889	24.07116	213.26666
2889.20019	24.0729	213.43333
2889.3999	24.07453	213.88333
2889.6001	24.07616	214.10001
2889.79981	24.07779	214.60001
2890	24.07953	214.94167
2890.20019	24.08116	215.38333
2890.3999	24.0829	215.55
2890.6001	24.08452	215.77499
2890.79981	24.08616	215.99167
2891	24.08789	216.15834
2891.20019	24.08952	213.43333
2891.3999	24.09116	213.43333
2891.6001	24.09289	213.88333
2891.79981	24.09452	214.21666
2892	24.09626	214.60001
2892.20019	24.09789	214.94167
2892.3999	24.09952	215.21666
2892.6001	24.10115	215.55
2892.79981	24.10278	215.88333
2893	24.10452	216.21666
2893.20019	24.10625	216.38333
2893.3999	24.10788	216.55
2893.6001	24.10951	216.44167
2893.79981	24.11115	214.825
2894	24.11288	213.49167
2894.20019	24.11451	213.71666
2894.3999	24.11614	214.10001
2894.6001	24.11788	214.49167
2894.79981	24.11951	214.77499
2895	24.12124	215.05
2895.20019	24.12288	215.38333
2895.3999	24.12451	215.71666
2895.6001	24.12614	216.10834
2895.79981	24.12787	216.325
2896	24.12951	216.5
2896.20019	24.13124	214.55
2896.3999	24.13287	214.65834
2896.6001	24.1345	215.10834
2896.79981	24.13613	215.49167
2897	24.13787	215.71666
2897.20019	24.1395	216.15834
2897.3999	24.14113	216.5
2897.6001	24.14287	216.71666
2897.79981	24.1445	216.77499
2898	24.14623	213.55
2898.20019	24.14786	213.55
2898.3999	24.14949	213.825
2898.6001	24.15113	214.21666
2898.79981	24.15286	214.65834
2899	24.15449	215.05
2899.20019	24.15623	215.15834
2899.3999	24.15786	215.77499
2899.6001	24.15949	215.94167
2899.79981	24.16122	216.15834
2900	24.16286	216.44167
2900.20019	24.16449	215.49167
2900.3999	24.16622	213.71666
2900.6001	24.16785	214.10001
2900.79981	24.16949	214.49167
2901	24.17112	214.88333
2901.20019	24.17285	215.21666
2901.3999	24.17448	215.60834
2901.6001	24.17622	215.94167
2901.79981	24.17785	216.325
2902	24.17948	216.44167
2902.20019	24.18121	216.66667
2902.3999	24.18285	216.44167
2902.6001	24.18458	216.325
2902.79981	24.18621	216.21666
2903	24.18784	216.15834
2903.20019	24.18958	213.71666
2903.3999	24.19121	213.825
2903.6001	24.19284	214.26666
2903.79981	24.19448	214.55
2904	24.19621	214.94167
2904.20019	24.19784	215.38333
2904.3999	24.19957	215.60834
2904.6001	24.20121	215.99167
2904.79981	24.20284	216.325
2905	24.20447	216.38333
2905.20019	24.2062	213.76666
2905.3999	24.20784	213.825
2905.6001	24.20947	214.15834
2905.79981	24.2112	214.55
2906	24.21283	214.99167
2906.20019	24.21446	215.38333
2906.3999	24.2162	215.71666
2906.6001	24.21783	215.94167
2906.79981	24.21956	216.10834
2907	24.2212	216.5
2907.20019	24.22283	216.55
2907.3999	24.22456	214.21666
2907.6001	24.22619	214.38333
2907.79981	24.22782	214.60001
2908	24.22946	214.99167
2908.20019	24.23109	215.325
2908.3999	24.23282	215.71666
2908.6001	24.23456	215.99167
2908.79981	24.23619	216.44167
2909	24.23782	216.60834
2909.20019	24.23945	216.88333
2909.3999	24.24118	216.71666
2909.6001	24.24282	213.71666
2909.79981	24.24455	213.99167
2910	24.24618	214.21666
2910.20019	24.24781	214.49167
2910.3999	24.24955	214.88333
2910.6001	24.25118	215.21666
2910.79981	24.25281	215.49167
2911	24.25455	215.94167
2911.20019	24.25618	216.21666
2911.3999	24.25781	216.44167
2911.6001	24.25944	213.88333
2911.79981	24.26118	214.05
2912	24.26281	214.43333
2912.20019	24.26454	214.77499
2912.3999	24.26617	215.15834
2912.6001	24.2678	215.38333
2912.79981	24.26954	215.88333
2913	24.27117	216.10834
2913.20019	24.2728	216.27499
2913.3999	24.27454	216.325
2913.6001	24.27617	213.99167
2913.79981	24.2778	214.21666
2914	24.27953	214.60001
2914.20019	24.28117	214.94167
2914.3999	24.2828	215.325
2914.6001	24.28453	215.65834
2914.79981	24.28617	216.10834
2915	24.2878	216.21666
2915.20019	24.28953	216.66667
2915.3999	24.29116	216.77499
2915.6001	24.29279	214.10001
2915.79981	24.29453	213.825
2916	24.29616	214.21666
2916.20019	24.29779	214.55
2916.3999	24.29953	214.99167
2916.6001	24.30116	215.21666
2916.79981	24.30289	215.55
2917	24.30452	215.99167
2917.20019	24.30615	216.38333
2917.3999	24.30789	216.55
2917.6001	24.30952	216.71666
2917.79981	24.31115	216.77499
2918	24.31279	214.60001
2918.20019	24.31452	213.76666
2918.3999	24.31615	214.10001
2918.6001	24.31778	214.38333
2918.79981	24.31951	214.825
2919	24.32115	215.21666
2919.20019	24.32278	215.49167
2919.3999	24.32451	215.77499
2919.6001	24.32615	216.10834
2919.79981	24.32788	216.44167
2920	24.32951	216.66667
2920.20019	24.33114	216.71666
2920.3999	24.33288	215.825
2920.6001	24.33451	215.15834
2920.79981	24.33614	215.38333
2921	24.33787	215.88333
2921.20019	24.33951	216.15834
2921.3999	24.34114	216.5
2921.6001	24.34277	216.83333
2921.79981	24.3445	217.05
2922	24.34613	217.16667
2922.20019	24.34787	214.71666
2922.3999	24.3495	213.55
2922.6001	24.35113	213.99167
2922.79981	24.35287	214.26666
2923	24.3545	214.65834
2923.20019	24.35613	214.99167
2923.3999	24.35776	215.38333
2923.6001	24.35949	215.65834
2923.79981	24.36113	215.94167
2924	24.36286	216.15834
2924.20019	24.3645	216.5
2924.3999	24.36613	215.05
2924.6001	24.36786	213.10001
2924.79981	24.36949	213.325
2925	24.37112	213.71666
2925.20019	24.37286	213.99167
2925.3999	24.37449	214.43333
2925.6001	24.37623	214.825
2925.79981	24.37786	215.10834
2926	24.37949	215.38333
2926.20019	24.38112	215.65834
2926.3999	24.38275	215.99167
2926.6001	24.38449	216.10834
2926.79981	24.38622	215.21666
2927	24.38785	213.65834
2927.20019	24.38948	213.99167
2927.3999	24.39111	214.38333
2927.6001	24.39285	214.71666
2927.79981	24.39448	214.99167
2928	24.39621	215.49167
2928.20019	24.39785	215.77499
2928.3999	24.39948	216.10834
2928.6001	24.40111	216.21666
2928.79981	24.40284	216.27499
2929	24.40448	212.99167
2929.20019	24.40621	212.99167
2929.3999	24.40784	213.325
2929.6001	24.40947	213.65834
2929.79981	24.4112	213.99167
2930	24.41284	214.43333
2930.20019	24.41447	214.71666
2930.3999	24.4162	215.15834
2930.6001	24.41784	215.44167
2930.79981	24.41947	215.65834
2931	24.4212	215.94167
2931.20019	24.42283	213.38333
2931.3999	24.42447	213.26666
2931.6001	24.4261	213.60001
2931.79981	24.42783	213.99167
2932	24.42946	214.43333
2932.20019	24.4312	214.65834
2932.3999	24.43283	215.05
2932.6001	24.43446	215.38333
2932.79981	24.43609	215.60834
2933	24.43782	215.88333
2933.20019	24.43946	216.15834
2933.3999	24.44119	215.71666
2933.6001	24.44282	213.325
2933.79981	24.44446	213.55
2934	24.44619	213.825
2934.20019	24.44782	214.21666
2934.3999	24.44945	214.55
2934.6001	24.45119	215.05
2934.79981	24.45282	215.21666
2935	24.45445	215.55
2935.20019	24.45619	215.88333
2935.3999	24.45782	216.05
2935.6001	24.45945	216.15834
2935.79981	24.46118	215.94167
2936	24.46281	215.60834
2936.20019	24.46445	215.71666
2936.3999	24.46618	216.05
2936.6001	24.46781	216.27499
2936.79981	24.46944	216.66667
2937	24.47107	216.83333
2937.20019	24.47281	212.60001
2937.3999	24.47444	212.26666
2937.6001	24.47607	212.54167
2937.79981	24.47781	212.99167
2938	24.47944	213.325
2938.20019	24.48117	213.60001
2938.3999	24.48281	214.05
2938.6001	24.48444	214.325
2938.79981	24.48617	214.71666
2939	24.4878	215.05
2939.20019	24.48943	215.44167
2939.3999	24.49117	215.55
2939.6001	24.4928	215.825
2939.79981	24.49443	215.94167
2940	24.49617	216.05
2940.20019	24.4978	215.71666
2940.3999	24.49953	215.38333
2940.6001	24.50116	215.38333
2940.79981	24.5028	215.71666
2941	24.50453	216.05
2941.20019	24.50616	216.38333
2941.3999	24.50779	216.5
2941.6001	24.50943	214.38333
2941.79981	24.51116	212.15834
2942	24.51279	212.49167
2942.20019	24.51452	212.65834
2942.3999	24.51616	213.15834
2942.6001	24.51779	213.43333
2942.79981	24.51942	213.88333
2943	24.52115	214.21666
2943.20019	24.52278	214.65834
2943.3999	24.52452	214.99167
2943.6001	24.52615	215.21666
2943.79981	24.52778	215.60834
2944	24.52952	215.88333
2944.20019	24.53115	216.05
2944.3999	24.53278	215.94167
2944.6001	24.53441	213.99167
2944.79981	24.53615	214.05
2945	24.53778	214.10001
2945.20019	24.53941	214.55
2945.3999	24.54114	214.99167
2945.6001	24.54278	215.15834
2945.79981	24.54451	215.49167
2946	24.54614	215.77499
2946.20019	24.54778	216.10834
2946.3999	24.54951	216.325
2946.6001	24.55114	215.77499
2946.79981	24.55277	213.10001
2947	24.5544	213.43333
2947.20019	24.55614	213.76666
2947.3999	24.55777	214.10001
2947.6001	24.5595	214.49167
2947.79981	24.56114	214.77499
2948	24.56287	215.21666
2948.20019	24.5644	215.49167
2948.3999	24.56613	215.77499
2948.6001	24.56787	215.94167
2948.79981	24.5695	213.60001
2949	24.57113	212.49167
2949.20019	24.57276	212.93333
2949.3999	24.5745	213.15834
2949.6001	24.57613	213.55
2949.79981	24.57776	214.05
2950	24.57949	214.325
2950.20019	24.58113	214.60001
2950.3999	24.58276	215.05
2950.6001	24.58449	215.325
2950.79981	24.58612	215.55
2951	24.58776	215.65834
2951.20019	24.58949	214.21666
2951.3999	24.59112	213.49167
2951.6001	24.59275	213.88333
2951.79981	24.59449	214.26666
2952	24.59612	214.49167
2952.20019	24.59785	214.825
2952.3999	24.59948	215.21666
2952.6001	24.60112	215.44167
2952.79981	24.60275	215.65834
2953	24.60448	215.99167
2953.20019	24.60611	212.375
2953.3999	24.60785	212.54167
2953.6001	24.60948	212.76666
2953.79981	24.61111	213.26666
2954	24.61284	213.38333
2954.20019	24.61448	213.71666
2954.3999	24.61611	214.10001
2954.6001	24.61774	214.55
2954.79981	24.61947	214.94167
2955	24.62111	215.10834
2955.20019	24.62284	215.44167
2955.3999	24.62447	215.60834
2955.6001	24.6261	215.44167
2955.79981	24.62774	213.43333
2956	24.62947	213.65834
2956.20019	24.6311	213.88333
2956.3999	24.63273	214.15834
2956.6001	24.63447	214.55
2956.79981	24.6361	214.77499
2957	24.63783	215.15834
2957.20019	24.63947	215.15834
2957.3999	24.6411	214.825
2957.6001	24.64273	214.77499
2957.79981	24.64446	214.43333
2958	24.64609	214.49167
2958.20019	24.64783	214.71666
2958.3999	24.64946	215.05
2958.6001	24.65109	215.325
2958.79981	24.65283	215.60834
2959	24.65446	213.26666
2959.20019	24.65609	211.99167
2959.3999	24.65782	212.15834
2959.6001	24.65945	212.375
2959.79981	24.66109	212.825
2960	24.66282	213.21666
2960.20019	24.66445	213.55
2960.3999	24.66609	213.99167
2960.6001	24.66782	214.325
2960.79981	24.66945	214.49167
2961	24.67108	214.71666
2961.20019	24.67282	215.10834
2961.3999	24.67445	214.99167
2961.6001	24.67608	212.375
2961.79981	24.67781	212.76666
2962	24.67945	213.05
2962.20019	24.68108	213.38333
2962.3999	24.68281	213.76666
2962.6001	24.68444	214.10001
2962.79981	24.68618	214.38333
2963	24.68781	214.71666
2963.20019	24.68944	214.99167
2963.3999	24.69107	215.10834
2963.6001	24.69281	215.325
2963.79981	24.69444	213.15834
2964	24.69617	212.93333
2964.20019	24.6978	213.21666
2964.3999	24.69944	213.55
2964.6001	24.70107	213.99167
2964.79981	24.7028	214.21666
2965	24.70443	214.60001
2965.20019	24.70607	214.88333
2965.3999	24.7078	215.15834
2965.6001	24.70943	215.05
2965.79981	24.71116	212.99167
2966	24.7128	213.15834
2966.20019	24.71443	213.65834
2966.3999	24.71616	214.10001
2966.6001	24.7178	214.26666
2966.79981	24.71943	214.60001
2967	24.72116	214.99167
2967.20019	24.72279	215.325
2967.3999	24.72442	215.49167
2967.6001	24.72606	212.60001
2967.79981	24.72779	212.76666
2968	24.72942	213.10001
2968.20019	24.73116	213.38333
2968.3999	24.73279	213.825
2968.6001	24.73442	214.05
2968.79981	24.73616	214.49167
2969	24.73778	214.825
2969.20019	24.73942	215.15834
2969.3999	24.74115	215.44167
2969.6001	24.74278	215.49167
2969.79981	24.74442	211.99167
2970	24.74615	212.375
2970.20019	24.74778	212.70833
2970.3999	24.74952	213.05
2970.6001	24.75115	213.43333
2970.79981	24.75278	213.825
2971	24.75441	214.05
2971.20019	24.75614	214.43333
2971.3999	24.75778	214.825
2971.6001	24.75941	215.05
2971.79981	24.76114	215.21666
2972	24.76277	215.21666
2972.20019	24.7644	211.43333
2972.3999	24.76614	211.65834
2972.6001	24.76777	212.04167
2972.79981	24.7694	212.375
2973	24.77114	212.70833
2973.20019	24.77277	212.99167
2973.3999	24.7745	213.43333
2973.6001	24.77613	213.825
2973.79981	24.77776	214.10001
2974	24.7794	214.43333
2974.20019	24.78113	214.49167
2974.3999	24.78276	211.65834
2974.6001	24.7845	211.49167
2974.79981	24.78613	211.825
2975	24.78776	212.04167
2975.20019	24.78939	212.43333
2975.3999	24.79113	212.70833
2975.6001	24.79276	213.15834
2975.79981	24.79439	213.38333
2976	24.79613	213.825
2976.20019	24.79776	213.99167
2976.3999	24.79939	214.38333
2976.6001	24.80112	211.49167
2976.79981	24.80275	211.15834
2977	24.80439	211.54167
2977.20019	24.80612	211.875
2977.3999	24.80775	212.26666
2977.6001	24.80949	212.54167
2977.79981	24.81112	212.99167
2978	24.81275	213.325
2978.20019	24.81438	213.60001
2978.3999	24.81611	213.88333
2978.6001	24.81775	214.10001
2978.79981	24.81948	213.76666
2979	24.82111	210.70833
2979.20019	24.82274	211.04167
2979.3999	24.82448	211.43333
2979.6001	24.82611	211.875
2979.79981	24.82774	212.10001
2980	24.82947	212.43333
2980.20019	24.83111	212.88333
2980.3999	24.83274	213.15834
2980.6001	24.83447	213.55
2980.79981	24.83611	213.76666
2981	24.83774	213.99167
2981.20019	24.83947	214.05
2981.3999	24.8411	210.64999
2981.6001	24.84273	210.93333
2981.79981	24.84437	211.325
2982	24.8461	211.76666
2982.20019	24.84773	211.99167
2982.3999	24.84947	212.43333
2982.6001	24.8511	212.76666
2982.79981	24.85273	213.10001
2983	24.85447	213.49167
2983.20019	24.8561	213.71666
2983.3999	24.85773	213.88333
2983.6001	24.85946	212.325
2983.79981	24.86109	210.375
2984	24.86273	210.64999
2984.20019	24.86446	211.10001
2984.3999	24.86609	211.375
2984.6001	24.86772	211.825
2984.79981	24.86946	212.04167
2985	24.87109	212.375
2985.20019	24.87282	212.88333
2985.3999	24.87445	213.05
2985.6001	24.87609	213.43333
2985.79981	24.87772	213.55
2986	24.87945	213.26666
2986.20019	24.88108	210.04167
2986.3999	24.88282	210.43333
2986.6001	24.88445	210.875
2986.79981	24.88608	211.04167
2987	24.88782	211.54167
2987.20019	24.88945	211.76666
2987.3999	24.89108	212.04167
2987.6001	24.89281	212.54167
2987.79981	24.89444	212.88333
2988	24.89608	213.10001
2988.20019	24.89781	213.21666
2988.3999	24.89944	212.325
2988.6001	24.90107	210.04167
2988.79981	24.90271	210.375
2989	24.90444	210.70833
2989.20019	24.90607	210.93333
2989.3999	24.9077	211.325
2989.6001	24.90944	211.70833
2989.79981	24.91107	212.15834
2990	24.9128	212.43333
2990.20019	24.91444	212.825
2990.3999	24.91607	212.99167
2990.6001	24.9177	213.05
2990.79981	24.91943	210.26666
2991	24.92106	209.81667
2991.20019	24.9228	210.10001
2991.3999	24.92443	210.48334
2991.6001	24.92606	210.875
2991.79981	24.9278	211.20833
2992	24.92943	211.60001
2992.20019	24.93116	211.875
2992.3999	24.93279	212.325
2992.6001	24.93443	212.54167
2992.79981	24.93606	212.825
2993	24.93779	212.88333
2993.20019	24.93943	209.48334
2993.3999	24.94105	209.43333
2993.6001	24.94279	209.64999
2993.79981	24.94442	210.14999
2994	24.94605	210.31667
2994.20019	24.94779	210.875
2994.3999	24.94932	211.15834
2994.6001	24.95105	211.54167
2994.79981	24.95278	211.875
2995	24.95442	212.20833
2995.20019	24.95605	212.60001
2995.3999	24.95778	212.54167
2995.6001	24.95942	209.04167
2995.79981	24.96115	209.20833
2996	24.96278	209.54167
2996.20019	24.96441	210.04167
2996.3999	24.96605	210.26666
2996.6001	24.96778	210.76666
2996.79981	24.96941	211.10001
2997	24.97104	211.49167
2997.20019	24.97277	211.70833
2997.3999	24.97441	212.10001
2997.6001	24.97614	212.20833
2997.79981	24.97777	211.26666
2998	24.9794	208.70833
2998.20019	24.98104	208.81667
2998.3999	24.98277	209.20833
2998.6001	24.9844	209.48334
2998.79981	24.98614	209.93333
2999	24.98777	210.26666
2999.20019	24.9894	210.64999
2999.3999	24.99113	210.99167
2999.6001	24.99276	211.375
2999.79981	24.9944	211.825
3000	24.99603	211.875
3000.20019	24.99776	211.43333
3000.3999	24.99939	208.375
3000.6001	25.00113	208.81667
3000.79981	25.00276	209.09166
3001	25.00439	209.31667
3001.20019	25.00602	209.76666
3001.3999	25.00776	210.10001
3001.6001	25.00939	210.31667
3001.79981	25.01113	210.76666
3002	25.01275	211.15834
3002.20019	25.01439	211.49167
3002.3999	25.01602	211.65834
3002.6001	25.01776	210.04167
3002.79981	25.01939	207.70833
3003	25.02101	208.09166
3003.20019	25.02275	208.425
3003.3999	25.02438	208.81667
3003.6001	25.02612	209.26666
3003.79981	25.02775	209.60001
3004	25.02938	209.875
3004.20019	25.03112	210.20833
3004.3999	25.03275	210.64999
3004.6001	25.03448	210.875
3004.79981	25.03611	211.15834
3005	25.03775	210.43333
3005.20019	25.03938	207.59166
3005.3999	25.04111	207.81667
3005.6001	25.04274	208.09166
3005.79981	25.04448	208.48334
3006	25.04611	208.81667
3006.20019	25.04774	209.20833
3006.3999	25.04937	209.64999
3006.6001	25.05111	209.93333
3006.79981	25.05274	210.31667
3007	25.05437	210.70833
3007.20019	25.056	210.81667
3007.3999	25.05774	209.14999
3007.6001	25.05937	206.86667
3007.79981	25.0611	207.2
3008	25.06273	207.54167
3008.20019	25.06436	207.98334
3008.3999	25.0661	208.20833
3008.6001	25.06773	208.54167
3008.79981	25.06936	208.925
3009	25.0711	209.20833
3009.20019	25.07273	209.60001
3009.3999	25.07436	209.98334
3009.6001	25.07609	210.14999
3009.79981	25.07772	209.875
3010	25.07936	206.64999
3010.20019	25.08109	206.925
3010.3999	25.08272	207.31667
3010.6001	25.08435	207.70833
3010.79981	25.08609	208.09166
3011	25.08772	208.31667
3011.20019	25.08946	208.64999
3011.3999	25.09109	209.04167
3011.6001	25.09272	209.48334
3011.79981	25.09435	209.70833
3012	25.09608	209.875
3012.20019	25.09772	208.81667
3012.3999	25.09935	205.7
3012.6001	25.10108	205.98334
3012.79981	25.10271	206.36667
3013	25.10445	206.75833
3013.20019	25.10608	207.09166
3013.3999	25.10771	207.48334
3013.6001	25.10934	207.925
3013.79981	25.11108	208.25833
3014	25.11271	208.59166
3014.20019	25.11445	208.98334
3014.3999	25.11607	209.14999
3014.6001	25.11771	209.14999
3014.79981	25.11944	205.36667
3015	25.12107	205.59166
3015.20019	25.12271	206.03334
3015.3999	25.12444	206.36667
3015.6001	25.12607	206.7
3015.79981	25.1278	206.98334
3016	25.12944	207.48334
3016.20019	25.13107	207.70833
3016.3999	25.1328	208.09166
3016.6001	25.13443	208.54167
3016.79981	25.13607	208.75833
3017	25.1377	208.70833
3017.20019	25.13933	204.2
3017.3999	25.14106	204.53334
3017.6001	25.14269	204.925
3017.79981	25.14443	205.25833
3018	25.14606	205.59166
3018.20019	25.14769	205.925
3018.3999	25.14943	206.31667
3018.6001	25.15106	206.59166
3018.79981	25.15269	207.14999
3019	25.15442	207.425
3019.20019	25.15605	207.70833
3019.3999	25.15779	207.98334
3019.6001	25.15942	204.09166
3019.79981	25.16105	204.14166
3020	25.16269	204.59166
3020.20019	25.16442	204.80833
3020.3999	25.16605	205.30833
3020.6001	25.16778	205.7
3020.79981	25.16932	205.925
3021	25.17105	206.425
3021.20019	25.17268	206.81667
3021.3999	25.17441	207.14999
3021.6001	25.17604	207.425
3021.79981	25.17768	207.375
3022	25.17941	202.7
3022.20019	25.18104	202.91667
3022.3999	25.18277	203.30833
3022.6001	25.18441	203.7
3022.79981	25.18604	204.03334
3023	25.18777	204.47501
3023.20019	25.18941	204.75833
3023.3999	25.19104	205.25833
3023.6001	25.19277	205.7
3023.79981	25.19441	205.98334
3024	25.19604	206.25833
3024.20019	25.19777	206.425
3024.3999	25.1994	202.53334
3024.6001	25.20104	202.25
3024.79981	25.20277	202.7
3025	25.2044	202.97501
3025.20019	25.20603	203.41667
3025.3999	25.20766	203.80833
3025.6001	25.2093	204.2
3025.79981	25.21103	204.47501
3026	25.21276	204.925
3026.20019	25.2144	205.25833
3026.3999	25.21603	205.59166
3026.6001	25.21776	205.81667
3026.79981	25.21939	201.69167
3027	25.22102	200.64166
3027.20019	25.22276	200.97501
3027.3999	25.22439	201.35834
3027.6001	25.22602	201.75
3027.79981	25.22776	202.08333
3028	25.22939	202.47501
3028.20019	25.23102	202.86667
3028.3999	25.23265	203.2
3028.6001	25.23439	203.59166
3028.79981	25.23602	203.97501
3029	25.23775	204.2
3029.20019	25.23938	204.30833
3029.3999	25.24112	197.90834
3029.6001	25.24275	198.19167
3029.79981	25.24438	198.52499
3030	25.24601	198.96666
3030.20019	25.24775	199.25
3030.3999	25.24938	199.75
3030.6001	25.25101	199.97501
3030.79981	25.25264	200.47501
3031	25.25427	200.75
3031.20019	25.25601	201.02499
3031.3999	25.25774	201.41667
3031.6001	25.25937	201.80833
3031.79981	25.26111	202.03334
3032	25.26274	195.18333
3032.20019	25.26437	195.3
3032.3999	25.266	195.68333
3032.6001	25.26774	196.075
3032.79981	25.26937	196.575
3033	25.2711	196.90834
3033.20019	25.27273	197.35834
3033.3999	25.27437	197.69167
3033.6001	25.2761	197.96666
3033.79981	25.27773	198.52499
3034	25.27936	198.75


